4.849298596382141113e-01 1.787713766098022461e-01
4.816004633903503418e-01 1.794920265674591064e-01
4.815403819084167480e-01 1.782871186733245850e-01
4.920204281806945801e-01 1.564116775989532471e-01
4.864234924316406250e-01 5.855059027671813965e-01
4.072628021240234375e-01 7.584092617034912109e-01
4.094290733337402344e-01 7.581744790077209473e-01
4.124895334243774414e-01 7.570034861564636230e-01
4.130801558494567871e-01 7.565975189208984375e-01
4.176451563835144043e-01 7.559785842895507812e-01
4.182754755020141602e-01 7.559981942176818848e-01
4.235396981239318848e-01 7.597473263740539551e-01
4.251258373260498047e-01 7.625072002410888672e-01
4.258505702018737793e-01 7.720226645469665527e-01
4.936565756797790527e-01 9.914099574089050293e-01
4.929307103157043457e-01 9.918129444122314453e-01
4.939858913421630859e-01 9.921770095825195312e-01
4.981029033660888672e-01 9.918190836906433105e-01
4.978539943695068359e-01 9.921408295631408691e-01
4.963914752006530762e-01 9.773837327957153320e-01
4.766069650650024414e-01 1.466645896434783936e-01
4.829939603805541992e-01 9.666519612073898315e-02
5.414327383041381836e-01 5.716214776039123535e-01
5.326288938522338867e-01 5.767027139663696289e-01
4.295247793197631836e-01 5.953368544578552246e-01
4.333673119544982910e-01 5.943753123283386230e-01
4.368179440498352051e-01 5.937021374702453613e-01
4.386780858039855957e-01 5.930311083793640137e-01
4.395439028739929199e-01 5.920822024345397949e-01
4.404460787773132324e-01 5.911045074462890625e-01
4.409582614898681641e-01 5.907406210899353027e-01
4.417206645011901855e-01 5.905295610427856445e-01
4.432177543640136719e-01 5.921230316162109375e-01
4.690507650375366211e-01 6.274059414863586426e-01
4.801545143127441406e-01 6.869120597839355469e-01
4.925270080566406250e-01 6.059151291847229004e-01
4.896624684333801270e-01 6.235997676849365234e-01
5.101079344749450684e-01 5.222110748291015625e-01
5.163881182670593262e-01 5.020586252212524414e-01
5.180497765541076660e-01 4.976078271865844727e-01
5.185827612876892090e-01 4.828711450099945068e-01
5.178381204605102539e-01 4.824020862579345703e-01
5.114292502403259277e-01 4.771708250045776367e-01
5.074759125709533691e-01 4.736995995044708252e-01
4.962580800056457520e-01 4.206092357635498047e-01
4.958315491676330566e-01 4.199128746986389160e-01
4.965713620185852051e-01 4.223954677581787109e-01
4.960609674453735352e-01 4.202866554260253906e-01
6.037265062332153320e-01 3.317256271839141846e-01
6.074547171592712402e-01 3.326177895069122314e-01
6.103930473327636719e-01 3.324474990367889404e-01
4.796745181083679199e-01 3.990242779254913330e-01
4.889616370201110840e-01 3.994551002979278564e-01
5.307855010032653809e-01 3.389099538326263428e-01
5.314064621925354004e-01 3.395229876041412354e-01
5.316964983940124512e-01 3.431026637554168701e-01
5.318866372108459473e-01 3.459683954715728760e-01
5.318740606307983398e-01 3.458237051963806152e-01
5.322124361991882324e-01 3.460423052310943604e-01
5.322327613830566406e-01 3.435067832469940186e-01
5.314492583274841309e-01 3.355295062065124512e-01
4.967107176780700684e-01 3.592135608196258545e-01
4.954909086227416992e-01 3.675331175327301025e-01
4.939227700233459473e-01 3.753788471221923828e-01
4.935292005538940430e-01 3.754093945026397705e-01
6.064365506172180176e-01 3.383148908615112305e-01
4.626614451408386230e-01 5.156503319740295410e-01
4.619840383529663086e-01 5.268918275833129883e-01
4.773579835891723633e-01 7.784885764122009277e-01
4.752635955810546875e-01 7.826038002967834473e-01
4.736302495002746582e-01 7.857438325881958008e-01
5.108935832977294922e-01 7.890127301216125488e-01
5.107483863830566406e-01 7.895835638046264648e-01
5.099056959152221680e-01 7.898322343826293945e-01
5.098759531974792480e-01 7.897794246673583984e-01
5.098536014556884766e-01 7.897205352783203125e-01
5.096067786216735840e-01 7.905308008193969727e-01
5.084596276283264160e-01 7.925035357475280762e-01
5.069000124931335449e-01 7.939673066139221191e-01
5.031220316886901855e-01 7.964332699775695801e-01
6.465377807617187500e-01 5.564722418785095215e-01
6.392124891281127930e-01 5.620615482330322266e-01
6.316822767257690430e-01 5.668272376060485840e-01
6.315542459487915039e-01 5.669121146202087402e-01
6.236394047737121582e-01 5.727522969245910645e-01
6.177178621292114258e-01 5.779525041580200195e-01
6.171690225601196289e-01 5.784736275672912598e-01
5.762574076652526855e-01 5.839373469352722168e-01
5.710205435752868652e-01 6.555761098861694336e-01
5.634723901748657227e-01 6.640244722366333008e-01
5.583708286285400391e-01 6.707291007041931152e-01
5.567827224731445312e-01 6.738271713256835938e-01
5.563761591911315918e-01 6.747334003448486328e-01
5.031774640083312988e-01 6.199270486831665039e-01
5.053181052207946777e-01 6.205214262008666992e-01
5.068962574005126953e-01 6.211116909980773926e-01
5.103240013122558594e-01 6.230093240737915039e-01
5.113738775253295898e-01 6.237374544143676758e-01
5.147455334663391113e-01 6.269466280937194824e-01
5.165814161300659180e-01 6.292477846145629883e-01
5.176320672035217285e-01 6.307076215744018555e-01
5.185758471488952637e-01 6.319076418876647949e-01
5.184334516525268555e-01 6.223212480545043945e-01
5.181827545166015625e-01 6.194726824760437012e-01
5.185408592224121094e-01 6.035307049751281738e-01
5.237489938735961914e-01 5.643211007118225098e-01
5.250499248504638672e-01 5.570580363273620605e-01
5.426976680755615234e-01 6.923074126243591309e-01
5.388833880424499512e-01 6.916640400886535645e-01
5.334169268608093262e-01 6.907891631126403809e-01
6.919890642166137695e-01 6.281384229660034180e-01
6.943523883819580078e-01 6.254714131355285645e-01
6.963442564010620117e-01 6.239199638366699219e-01
6.970655918121337891e-01 6.233110427856445312e-01
4.612216949462890625e-01 6.063736081123352051e-01
4.988764524459838867e-01 6.119072437286376953e-01
5.137977600097656250e-01 6.144493818283081055e-01
5.298478603363037109e-01 6.172163486480712891e-01
5.455933213233947754e-01 6.197381615638732910e-01
5.495206117630004883e-01 6.202625632286071777e-01
5.546338558197021484e-01 6.209304928779602051e-01
5.576633214950561523e-01 6.215239167213439941e-01
5.579370856285095215e-01 6.216222643852233887e-01
5.570903420448303223e-01 6.222907304763793945e-01
5.561858415603637695e-01 6.225275993347167969e-01
5.563927888870239258e-01 6.222262978553771973e-01
5.619529485702514648e-01 6.236566305160522461e-01
5.644508600234985352e-01 6.260395646095275879e-01
5.641449093818664551e-01 6.258084177970886230e-01
5.968115925788879395e-01 6.191745996475219727e-01
5.991780757904052734e-01 6.194078326225280762e-01
6.752110123634338379e-01 6.189450025558471680e-01
5.329988598823547363e-01 1.737919747829437256e-01
5.472784638404846191e-01 1.523841023445129395e-01
5.456516146659851074e-01 1.586217880249023438e-01
5.438282489776611328e-01 1.642439365386962891e-01
5.404000878334045410e-01 1.734181940555572510e-01
5.505984425544738770e-01 2.003853917121887207e-01
5.475519299507141113e-01 2.061549127101898193e-01
5.484272241592407227e-01 2.040940225124359131e-01
5.462121367454528809e-01 2.089703977108001709e-01
5.449380874633789062e-01 2.116743624210357666e-01
5.429075360298156738e-01 2.142745256423950195e-01
5.417134761810302734e-01 2.148658335208892822e-01
5.414977073669433594e-01 2.149344980716705322e-01
5.384840965270996094e-01 2.148820459842681885e-01
5.353125333786010742e-01 2.138821780681610107e-01
5.356497168540954590e-01 2.139891982078552246e-01
5.594128370285034180e-01 2.460356950759887695e-01
5.601933598518371582e-01 2.482518553733825684e-01
5.601735711097717285e-01 2.485633194446563721e-01
5.584140419960021973e-01 2.511763274669647217e-01
5.262700319290161133e-01 2.152850329875946045e-01
5.248197913169860840e-01 2.137777805328369141e-01
4.377269148826599121e-01 6.368957757949829102e-01
4.396350979804992676e-01 6.361989974975585938e-01
4.480013251304626465e-01 6.334016919136047363e-01
4.482765793800354004e-01 6.336166262626647949e-01
4.517765045166015625e-01 6.309638619422912598e-01
4.528318643569946289e-01 6.285098195075988770e-01
4.648103713989257812e-01 5.833021402359008789e-01
4.726892709732055664e-01 5.786489844322204590e-01
4.797429442405700684e-01 5.747833251953125000e-01
5.031284689903259277e-01 5.633997917175292969e-01
5.241164565086364746e-01 5.542408823966979980e-01
5.482587218284606934e-01 5.442025661468505859e-01
4.064826369285583496e-01 5.728586316108703613e-01
4.108928442001342773e-01 5.746036767959594727e-01
4.120936393737792969e-01 5.751218199729919434e-01
4.179949164390563965e-01 5.773460865020751953e-01
4.228162765502929688e-01 5.766815543174743652e-01
4.265186190605163574e-01 5.759085416793823242e-01
4.308778643608093262e-01 5.747014880180358887e-01
4.363058209419250488e-01 5.725985765457153320e-01
4.479606747627258301e-01 5.687469244003295898e-01
4.495590329170227051e-01 5.685279369354248047e-01
4.907734990119934082e-01 2.237044870853424072e-01
4.917716383934020996e-01 2.240617871284484863e-01
4.738627672195434570e-01 1.989526748657226562e-01
5.321260094642639160e-01 1.968876123428344727e-01
5.218992829322814941e-01 1.924496293067932129e-01
5.022825002670288086e-01 1.816116869449615479e-01
4.924037456512451172e-01 1.598962843418121338e-01
5.046573877334594727e-01 1.646328866481781006e-01
5.113177895545959473e-01 1.683063209056854248e-01
5.144538879394531250e-01 1.720063388347625732e-01
5.152110457420349121e-01 1.779142320156097412e-01
5.148351788520812988e-01 1.803531348705291748e-01
5.134892463684082031e-01 1.846085190773010254e-01
5.555310249328613281e-01 1.680864989757537842e-01
5.558042526245117188e-01 1.760863363742828369e-01
5.550960898399353027e-01 1.779356598854064941e-01
5.456938743591308594e-01 1.911824643611907959e-01
5.363926291465759277e-01 1.980067789554595947e-01
5.251350998878479004e-01 2.030881643295288086e-01
5.108852982521057129e-01 2.054710686206817627e-01
4.979009032249450684e-01 2.044306099414825439e-01
4.838825464248657227e-01 2.007121145725250244e-01
4.554191231727600098e-01 4.584501981735229492e-01
4.548584222793579102e-01 4.577794075012207031e-01
4.522647857666015625e-01 4.540233314037322998e-01
4.511053562164306641e-01 4.500040709972381592e-01
4.511153697967529297e-01 4.489713907241821289e-01
4.622201919555664062e-01 4.539165496826171875e-01
4.642689824104309082e-01 4.510175883769989014e-01
4.624177217483520508e-01 4.533481895923614502e-01
4.659301042556762695e-01 4.503899514675140381e-01
4.688569903373718262e-01 4.499835968017578125e-01
4.685345888137817383e-01 4.505501091480255127e-01
4.696279764175415039e-01 4.503890872001647949e-01
4.706317186355590820e-01 4.499211907386779785e-01
4.711378812789916992e-01 4.502297937870025635e-01
4.723794460296630859e-01 4.501745402812957764e-01
4.725181460380554199e-01 4.501472711563110352e-01
4.731264710426330566e-01 4.501331746578216553e-01
4.805145263671875000e-01 4.564402699470520020e-01
4.817781448364257812e-01 4.548960924148559570e-01
4.826705455780029297e-01 4.518902301788330078e-01
4.834380745887756348e-01 4.493960440158843994e-01
5.070802569389343262e-01 4.339827597141265869e-01
4.589780569076538086e-01 4.936192929744720459e-01
4.573414921760559082e-01 4.860467612743377686e-01
5.048927664756774902e-01 5.093207359313964844e-01
4.986109137535095215e-01 5.088468194007873535e-01
4.968900084495544434e-01 5.093089342117309570e-01
5.191384553909301758e-01 4.396068751811981201e-01
5.214132070541381836e-01 4.342418313026428223e-01
5.231370925903320312e-01 4.330296218395233154e-01
5.254210829734802246e-01 4.335860908031463623e-01
5.267515182495117188e-01 4.351030588150024414e-01
5.284790396690368652e-01 4.392426609992980957e-01
5.291789174079895020e-01 4.434820413589477539e-01
5.292729735374450684e-01 4.460141956806182861e-01
5.291554927825927734e-01 4.544701278209686279e-01
5.281291007995605469e-01 4.634335041046142578e-01
4.948332309722900391e-01 4.958002269268035889e-01
4.977506399154663086e-01 4.846048355102539062e-01
4.995874762535095215e-01 4.845601618289947510e-01
5.064740777015686035e-01 4.873624742031097412e-01
5.156787037849426270e-01 4.960642158985137939e-01
5.166253447532653809e-01 4.980789422988891602e-01
5.161409974098205566e-01 5.010913610458374023e-01
5.500383377075195312e-01 4.665404558181762695e-01
5.514742136001586914e-01 4.626821875572204590e-01
5.556896328926086426e-01 4.506476521492004395e-01
5.581436753273010254e-01 4.431488215923309326e-01
5.584642887115478516e-01 4.415824413299560547e-01
5.582494735717773438e-01 4.280478954315185547e-01
5.365567803382873535e-01 4.348163008689880371e-01
5.374660491943359375e-01 4.353840649127960205e-01
5.380101203918457031e-01 4.360882639884948730e-01
5.401960015296936035e-01 4.388809502124786377e-01
5.411382317543029785e-01 4.406526386737823486e-01
5.411916971206665039e-01 4.407565891742706299e-01
5.432254076004028320e-01 4.492430984973907471e-01
5.441755652427673340e-01 4.524817764759063721e-01
5.447638630867004395e-01 4.548522830009460449e-01
5.451377034187316895e-01 4.574666917324066162e-01
5.451923012733459473e-01 4.620198309421539307e-01
5.440053939819335938e-01 4.689677357673645020e-01
5.433014035224914551e-01 4.708371460437774658e-01
5.449144840240478516e-01 4.649997353553771973e-01
5.263687372207641602e-01 4.748387336730957031e-01
5.259808897972106934e-01 4.748053550720214844e-01
5.645833015441894531e-01 4.168981313705444336e-01
5.693355798721313477e-01 4.151828587055206299e-01
5.716816782951354980e-01 4.147579967975616455e-01
5.747711658477783203e-01 4.148122966289520264e-01
5.783433318138122559e-01 4.156695902347564697e-01
5.796046853065490723e-01 4.157838523387908936e-01
5.820878744125366211e-01 4.160870015621185303e-01
5.831374526023864746e-01 4.164467751979827881e-01
5.829494595527648926e-01 4.171546995639801025e-01
5.819967985153198242e-01 4.184527099132537842e-01
5.912018418312072754e-01 3.611333072185516357e-01
5.909966826438903809e-01 3.561029136180877686e-01
5.904716849327087402e-01 3.532945215702056885e-01
5.861359238624572754e-01 3.924838900566101074e-01
5.863460898399353027e-01 3.933840394020080566e-01
5.866962671279907227e-01 3.955697417259216309e-01
5.862221121788024902e-01 3.967325389385223389e-01
5.858407020568847656e-01 3.972581326961517334e-01
5.849793553352355957e-01 3.977704346179962158e-01
5.840874314308166504e-01 3.979990482330322266e-01
5.811600089073181152e-01 3.986446857452392578e-01
5.791981220245361328e-01 3.992236852645874023e-01
5.141209363937377930e-01 7.540139555931091309e-01
5.136035680770874023e-01 7.492300271987915039e-01
5.131548047065734863e-01 7.644104957580566406e-01
5.818569660186767578e-01 4.260145127773284912e-01
5.874877572059631348e-01 4.103149771690368652e-01
5.948348045349121094e-01 3.870026767253875732e-01
6.006689667701721191e-01 3.671344816684722900e-01
6.065825223922729492e-01 3.453339338302612305e-01
6.098800301551818848e-01 3.318712115287780762e-01
5.348801612854003906e-01 3.388723433017730713e-01
5.311630368232727051e-01 3.415055871009826660e-01
5.299496650695800781e-01 3.425370454788208008e-01
4.698486924171447754e-01 4.238422214984893799e-01
4.696460366249084473e-01 4.309788644313812256e-01
4.696773290634155273e-01 4.408226311206817627e-01
4.685692787170410156e-01 4.519034028053283691e-01
4.701251983642578125e-01 4.568376243114471436e-01
5.745708942413330078e-01 4.811483621597290039e-01
5.299950242042541504e-01 4.689191877841949463e-01
4.806850552558898926e-01 4.499479830265045166e-01
4.289876222610473633e-01 4.406178891658782959e-01
4.417734146118164062e-01 4.476230740547180176e-01
4.256277680397033691e-01 4.445131421089172363e-01
4.256225228309631348e-01 4.444983899593353271e-01
4.585848450660705566e-01 4.374626576900482178e-01
4.314139485359191895e-01 4.319198727607727051e-01
4.324027895927429199e-01 4.317188560962677002e-01
4.344454407691955566e-01 4.311741292476654053e-01
4.359391927719116211e-01 4.307495653629302979e-01
5.032512545585632324e-01 4.296828508377075195e-01
5.030853152275085449e-01 4.332249462604522705e-01
5.007277131080627441e-01 4.410535991191864014e-01
4.999138116836547852e-01 4.434714019298553467e-01
4.985533952713012695e-01 4.472143948078155518e-01
4.953513741493225098e-01 4.553769230842590332e-01
4.921301603317260742e-01 4.627687335014343262e-01
4.871480464935302734e-01 4.735577702522277832e-01
4.839932322502136230e-01 4.801395833492279053e-01
4.619772434234619141e-01 5.015851855278015137e-01
4.604082107543945312e-01 5.027583241462707520e-01
4.586436152458190918e-01 5.038329958915710449e-01
4.567055702209472656e-01 5.046643018722534180e-01
4.548838734626770020e-01 5.051583051681518555e-01
4.529980421066284180e-01 5.055230855941772461e-01
5.801197886466979980e-01 3.399884104728698730e-01
5.821161270141601562e-01 3.410941660404205322e-01
5.876337289810180664e-01 3.445246815681457520e-01
5.914465785026550293e-01 3.464470207691192627e-01
5.854184627532958984e-01 3.258254230022430420e-01
5.045395493507385254e-01 3.141504824161529541e-01
5.045504570007324219e-01 3.156471550464630127e-01
5.045995116233825684e-01 3.161312937736511230e-01
5.046449899673461914e-01 3.166459500789642334e-01
5.045952200889587402e-01 3.170186281204223633e-01
5.047463774681091309e-01 3.177227377891540527e-01
5.055637359619140625e-01 3.187615573406219482e-01
5.058441162109375000e-01 3.190536201000213623e-01
5.221371054649353027e-01 3.100389838218688965e-01
5.236237049102783203e-01 3.101946115493774414e-01
5.268337130546569824e-01 3.111348748207092285e-01
5.410525798797607422e-01 3.156793117523193359e-01
5.461414456367492676e-01 3.153302371501922607e-01
5.294280052185058594e-01 3.275719285011291504e-01
5.336037278175354004e-01 3.285864889621734619e-01
5.536126494407653809e-01 3.398459553718566895e-01
5.548545718193054199e-01 3.412452638149261475e-01
5.109245181083679199e-01 5.647723674774169922e-01
5.076150298118591309e-01 5.700848698616027832e-01
5.053342580795288086e-01 5.750058293342590332e-01
5.042378902435302734e-01 5.773414373397827148e-01
4.958034157752990723e-01 5.774829387664794922e-01
5.372161269187927246e-01 3.723280429840087891e-01
5.549013018608093262e-01 3.688403367996215820e-01
4.953073263168334961e-01 5.733346939086914062e-01
4.939904212951660156e-01 5.645436048507690430e-01
4.917505979537963867e-01 5.523332953453063965e-01
4.887172579765319824e-01 5.392586588859558105e-01
5.586853623390197754e-01 3.689107298851013184e-01
5.461282730102539062e-01 3.777795732021331787e-01
5.420901179313659668e-01 3.800822496414184570e-01
5.367040038108825684e-01 3.832576572895050049e-01
5.020921826362609863e-01 4.570183753967285156e-01
5.015506148338317871e-01 4.581509232521057129e-01
5.012387037277221680e-01 4.605697095394134521e-01
5.012591481208801270e-01 4.624415636062622070e-01
5.011972188949584961e-01 4.637828767299652100e-01
4.760032296180725098e-01 4.845736026763916016e-01
4.833803772926330566e-01 5.138622522354125977e-01
5.382990241050720215e-01 4.180037677288055420e-01
5.414244532585144043e-01 4.136498570442199707e-01
5.447011590003967285e-01 4.109816253185272217e-01
5.484923720359802246e-01 4.089345335960388184e-01
5.514380931854248047e-01 4.079843461513519287e-01
5.570185780525207520e-01 4.079096019268035889e-01
4.879078269004821777e-01 4.877761602401733398e-01
4.851208925247192383e-01 4.704057276248931885e-01
4.794210791587829590e-01 4.512744247913360596e-01
4.796760082244873047e-01 4.525961875915527344e-01
4.678830504417419434e-01 3.869709372520446777e-01
5.259180665016174316e-01 4.158785343170166016e-01
5.336939692497253418e-01 3.248134553432464600e-01
5.310283303260803223e-01 3.163556456565856934e-01
5.291983485221862793e-01 3.157533705234527588e-01
5.272701978683471680e-01 3.152215778827667236e-01
5.242820382118225098e-01 3.149932324886322021e-01
5.168875455856323242e-01 4.134763777256011963e-01
5.160922408103942871e-01 4.197770953178405762e-01
5.166728496551513672e-01 4.249878823757171631e-01
5.171259045600891113e-01 4.248520433902740479e-01
5.188546180725097656e-01 4.252217710018157959e-01
3.546153903007507324e-01 5.072802901268005371e-01
3.446742892265319824e-01 5.977856516838073730e-01
3.425113558769226074e-01 5.965775251388549805e-01
3.415189385414123535e-01 5.960178375244140625e-01
3.397532701492309570e-01 5.948328971862792969e-01
3.377074599266052246e-01 5.931880474090576172e-01
3.367931246757507324e-01 5.922309756278991699e-01
3.362604379653930664e-01 5.904299616813659668e-01
3.371183276176452637e-01 5.867065787315368652e-01
3.367249369621276855e-01 5.852363109588623047e-01
3.368353843688964844e-01 5.852756500244140625e-01
3.443223834037780762e-01 4.964429140090942383e-01
3.445805907249450684e-01 4.940840005874633789e-01
3.453381657600402832e-01 4.919100999832153320e-01
3.464404940605163574e-01 4.907245635986328125e-01
3.474935889244079590e-01 4.902909100055694580e-01
3.556613326072692871e-01 4.967877268791198730e-01
3.562472462654113770e-01 4.984972476959228516e-01
3.563596606254577637e-01 5.004248619079589844e-01
3.561634421348571777e-01 5.017273426055908203e-01
3.557317256927490234e-01 5.034087896347045898e-01
3.555476665496826172e-01 5.040115714073181152e-01
4.342103600502014160e-01 5.350147485733032227e-01
4.429802298545837402e-01 5.305249691009521484e-01
5.637352466583251953e-01 4.233883321285247803e-01
5.609089732170104980e-01 4.189304113388061523e-01
4.475684165954589844e-01 5.892896652221679688e-01
4.507595300674438477e-01 5.897536873817443848e-01
4.536566734313964844e-01 5.901809930801391602e-01
4.558708667755126953e-01 5.899742245674133301e-01
4.598229527473449707e-01 5.833068490028381348e-01
4.603508710861206055e-01 5.791330933570861816e-01
4.608309864997863770e-01 5.737723112106323242e-01
4.611762762069702148e-01 5.690319538116455078e-01
4.613340497016906738e-01 5.615378022193908691e-01
4.611932635307312012e-01 5.558986067771911621e-01
4.616065025329589844e-01 5.545189976692199707e-01
4.580931663513183594e-01 4.730368554592132568e-01
4.604858160018920898e-01 4.664745926856994629e-01
4.685235619544982910e-01 4.469074904918670654e-01
4.706839323043823242e-01 4.417979419231414795e-01
4.758325219154357910e-01 4.307785332202911377e-01
5.100070834159851074e-01 4.370827674865722656e-01
4.110038280487060547e-01 5.454199910163879395e-01
3.908204436302185059e-01 5.694690346717834473e-01
3.912285566329956055e-01 5.689557790756225586e-01
3.929902911186218262e-01 5.697912573814392090e-01
3.979536294937133789e-01 5.706250667572021484e-01
4.033831954002380371e-01 5.686143636703491211e-01
4.060341715812683105e-01 5.669516324996948242e-01
4.301404356956481934e-01 5.523671507835388184e-01
4.308139085769653320e-01 5.516530275344848633e-01
4.314010739326477051e-01 5.517727732658386230e-01
5.144594311714172363e-01 4.911618828773498535e-01
5.212044715881347656e-01 4.898165166378021240e-01
5.236876606941223145e-01 4.886294007301330566e-01
5.268300771713256836e-01 4.861502647399902344e-01
5.279048085212707520e-01 4.837468266487121582e-01
5.275877714157104492e-01 4.822386205196380615e-01
5.269726514816284180e-01 4.808050394058227539e-01
5.266855359077453613e-01 4.780468940734863281e-01
5.273130536079406738e-01 4.760437011718750000e-01
5.288496017456054688e-01 4.737713634967803955e-01
5.327823162078857422e-01 4.707293808460235596e-01
5.359207987785339355e-01 4.692688286304473877e-01
5.329747796058654785e-01 4.808451831340789795e-01
4.644429683685302734e-01 6.695866584777832031e-02
4.866027235984802246e-01 1.924829483032226562e-01
4.839910268783569336e-01 1.916359961032867432e-01
4.804376959800720215e-01 1.901504993438720703e-01
4.780061244964599609e-01 1.887789368629455566e-01
4.720912575721740723e-01 1.825121343135833740e-01
4.804790019989013672e-01 7.608827203512191772e-02
4.804156422615051270e-01 7.632549852132797241e-02
4.803505539894104004e-01 6.856118887662887573e-02
4.795734882354736328e-01 6.781031191349029541e-02
4.770303964614868164e-01 6.814146041870117188e-02
4.767219424247741699e-01 6.826984882354736328e-02
4.766868352890014648e-01 6.831422448158264160e-02
5.561349391937255859e-01 7.727171480655670166e-02
5.616511106491088867e-01 7.578805088996887207e-02
5.670965909957885742e-01 7.122024148702621460e-02
5.725287795066833496e-01 6.300592422485351562e-02
5.764678120613098145e-01 4.638730734586715698e-02
7.124353051185607910e-01 1.891780793666839600e-01
7.007520794868469238e-01 2.032772600650787354e-01
7.049548625946044922e-01 1.983561217784881592e-01
6.771197319030761719e-01 1.482311487197875977e-01
4.397861957550048828e-01 5.892479419708251953e-01
3.508323431015014648e-01 6.764124035835266113e-01
4.384576082229614258e-01 5.480554103851318359e-01
4.460902810096740723e-01 5.470666885375976562e-01
4.597696661949157715e-01 5.519497394561767578e-01
3.638729453086853027e-01 6.185334920883178711e-01
3.524114489555358887e-01 6.440786719322204590e-01
3.560667037963867188e-01 6.494348049163818359e-01
3.566133379936218262e-01 6.499956250190734863e-01
3.590194582939147949e-01 6.520559191703796387e-01
3.636183142662048340e-01 6.550331115722656250e-01
3.687134981155395508e-01 6.574726700782775879e-01
3.763279318809509277e-01 6.597001552581787109e-01
4.705961346626281738e-01 6.988878250122070312e-01
4.680750370025634766e-01 6.981580853462219238e-01
4.674076437950134277e-01 6.979394555091857910e-01
4.659022092819213867e-01 6.973727345466613770e-01
4.626651406288146973e-01 6.955614089965820312e-01
4.622758030891418457e-01 6.953564882278442383e-01
4.595168828964233398e-01 6.933398246765136719e-01
4.609422683715820312e-01 6.943184733390808105e-01
4.540312290191650391e-01 6.917539238929748535e-01
4.967892765998840332e-01 4.318265616893768311e-01
4.967827796936035156e-01 4.318296313285827637e-01
4.967844486236572266e-01 4.318315088748931885e-01
4.967894554138183594e-01 4.318482875823974609e-01
4.967865347862243652e-01 4.318237602710723877e-01
4.967958927154541016e-01 4.318154156208038330e-01
4.967841506004333496e-01 4.318337142467498779e-01
4.968097805976867676e-01 4.318137764930725098e-01
4.982071518898010254e-01 4.345216751098632812e-01
4.968120455741882324e-01 4.318099617958068848e-01
5.018078684806823730e-01 4.423565566539764404e-01
5.041937828063964844e-01 4.478170871734619141e-01
5.079979896545410156e-01 4.582467675209045410e-01
5.331614613533020020e-01 3.322316408157348633e-01
5.556027293205261230e-01 3.688695728778839111e-01
5.490869879722595215e-01 3.572090268135070801e-01
5.444497466087341309e-01 3.498113453388214111e-01
5.519521236419677734e-01 4.380046725273132324e-01
5.531783103942871094e-01 4.417514204978942871e-01
4.505669474601745605e-01 3.266003727912902832e-01
4.505317807197570801e-01 3.267039060592651367e-01
4.580522179603576660e-01 3.254731297492980957e-01
5.607912540435791016e-01 2.497710883617401123e-01
5.605012774467468262e-01 2.490221261978149414e-01
5.610263347625732422e-01 2.498156726360321045e-01
5.606614351272583008e-01 2.494626045227050781e-01
5.562337040901184082e-01 2.377569079399108887e-01
4.949472546577453613e-01 1.644329130649566650e-01
4.935860037803649902e-01 1.622972786426544189e-01
4.904449582099914551e-01 1.561546921730041504e-01
4.888806343078613281e-01 1.522368192672729492e-01
4.799500703811645508e-01 1.338290274143218994e-01
4.755802750587463379e-01 1.262990087270736694e-01
4.655151963233947754e-01 1.088247299194335938e-01
4.636371731758117676e-01 1.051418483257293701e-01
4.563758969306945801e-01 8.974986523389816284e-02
4.529266357421875000e-01 7.819675654172897339e-02
4.528167247772216797e-01 7.437243312597274780e-02
4.555941820144653320e-01 6.961392611265182495e-02
4.543492794036865234e-01 7.097376883029937744e-02
4.690166115760803223e-01 6.545560806989669800e-02
5.250731706619262695e-01 9.061429649591445923e-02
5.238934755325317383e-01 8.475810289382934570e-02
5.237098336219787598e-01 8.540928363800048828e-02
3.537675142288208008e-01 1.908927857875823975e-01
3.570104837417602539e-01 1.939830183982849121e-01
4.572674036026000977e-01 3.203794062137603760e-01
4.649837017059326172e-01 3.229256272315979004e-01
4.719055891036987305e-01 3.160400688648223877e-01
4.683454632759094238e-01 3.137001097202301025e-01
4.658413529396057129e-01 3.119369447231292725e-01
5.653831362724304199e-01 3.362533748149871826e-01
5.945605635643005371e-01 3.529177010059356689e-01
5.958783030509948730e-01 3.522528409957885742e-01
3.597396016120910645e-01 1.899471580982208252e-01
3.084520101547241211e-01 1.613274216651916504e-01
3.159163594245910645e-01 1.659417748451232910e-01
3.243097066879272461e-01 1.699680387973785400e-01
3.306458592414855957e-01 1.717673838138580322e-01
3.299497961997985840e-01 1.715772449970245361e-01
3.409702777862548828e-01 1.744277775287628174e-01
3.444494009017944336e-01 1.756086051464080811e-01
3.491303324699401855e-01 1.775659918785095215e-01
3.557956218719482422e-01 1.814706623554229736e-01
3.605257272720336914e-01 1.856720447540283203e-01
3.620779514312744141e-01 1.877589821815490723e-01
4.989067912101745605e-01 1.009783387184143066e+00
4.970947504043579102e-01 1.013221502304077148e+00
4.960223436355590820e-01 1.015069246292114258e+00
4.955638051033020020e-01 1.015916347503662109e+00
4.963163137435913086e-01 1.017431616783142090e+00
4.984016418457031250e-01 1.018150210380554199e+00
5.066230297088623047e-01 1.021209597587585449e+00
5.063890218734741211e-01 1.021160125732421875e+00
5.124171972274780273e-01 1.023470401763916016e+00
5.136240720748901367e-01 1.023864030838012695e+00
3.973936438560485840e-01 9.423556923866271973e-01
4.004526734352111816e-01 9.420513510704040527e-01
4.035914540290832520e-01 9.405447840690612793e-01
4.107724428176879883e-01 9.333233237266540527e-01
1.910491734743118286e-01 9.140931367874145508e-01
1.304133385419845581e-01 9.002693295478820801e-01
1.191766262054443359e-01 8.955031037330627441e-01
3.286105394363403320e-01 1.009670138359069824e+00
4.515295624732971191e-01 9.721374511718750000e-01
4.591407775878906250e-01 9.690407514572143555e-01
4.481226801872253418e-01 9.732861518859863281e-01
4.769787192344665527e-01 9.589999914169311523e-01
5.673891305923461914e-01 3.879963159561157227e-01
5.556192994117736816e-01 3.921886682510375977e-01
5.681393146514892578e-01 3.875364363193511963e-01
5.202598571777343750e-01 4.014630913734436035e-01
5.434741973876953125e-01 4.009399712085723877e-01
5.612678527832031250e-01 3.859459757804870605e-01
5.628050565719604492e-01 3.844076991081237793e-01
5.648943781852722168e-01 3.825238049030303955e-01
5.673263669013977051e-01 3.804427385330200195e-01
5.700872540473937988e-01 3.782245814800262451e-01
5.739094018936157227e-01 3.757919967174530029e-01
5.760310888290405273e-01 3.747603893280029297e-01
5.646693706512451172e-01 3.867249190807342529e-01
5.623233318328857422e-01 3.919788300991058350e-01
5.599309802055358887e-01 3.967891931533813477e-01
5.567958354949951172e-01 4.015251398086547852e-01
5.021658539772033691e-01 4.005123972892761230e-01
5.166579484939575195e-01 3.835214972496032715e-01
5.298814773559570312e-01 3.638827502727508545e-01
5.364478826522827148e-01 3.539905548095703125e-01
5.646329522132873535e-01 3.406262099742889404e-01
5.556726455688476562e-01 3.357659876346588135e-01
4.964631199836730957e-01 3.754089176654815674e-01
4.964499473571777344e-01 3.753491342067718506e-01
4.964639544486999512e-01 3.754079639911651611e-01
5.090572237968444824e-01 3.631036579608917236e-01
5.103848576545715332e-01 3.624491393566131592e-01
5.136815905570983887e-01 3.617214262485504150e-01
5.203182697296142578e-01 3.598826825618743896e-01
5.374581217765808105e-01 3.627836108207702637e-01
5.363349318504333496e-01 3.650361001491546631e-01
5.349539518356323242e-01 3.680217564105987549e-01
5.340054631233215332e-01 3.696298003196716309e-01
5.322728157043457031e-01 3.715370893478393555e-01
5.320392251014709473e-01 3.717349469661712646e-01
5.313800573348999023e-01 3.726365864276885986e-01
5.267834067344665527e-01 3.791796565055847168e-01
5.194926857948303223e-01 3.856152892112731934e-01
5.154236555099487305e-01 3.888373672962188721e-01
5.114147663116455078e-01 4.093364179134368896e-01
5.184189677238464355e-01 4.050872325897216797e-01
5.241354107856750488e-01 4.012574851512908936e-01
5.311861038208007812e-01 3.966839909553527832e-01
5.726787447929382324e-01 3.557839989662170410e-01
6.429417729377746582e-01 6.272396445274353027e-01
5.933819413185119629e-01 6.172526478767395020e-01
5.910474658012390137e-01 6.262139678001403809e-01
5.911271572113037109e-01 6.257938742637634277e-01
5.922321081161499023e-01 6.248222589492797852e-01
5.939876437187194824e-01 6.247499585151672363e-01
4.346448183059692383e-01 5.951474308967590332e-01
4.234521389007568359e-01 5.929518342018127441e-01
4.181409478187561035e-01 5.919661521911621094e-01
4.258210659027099609e-01 5.940278172492980957e-01
4.299288988113403320e-01 5.958899259567260742e-01
4.319154024124145508e-01 5.980247259140014648e-01
4.340440630912780762e-01 6.162250638008117676e-01
4.473156332969665527e-01 6.228640675544738770e-01
4.683635830879211426e-01 6.456437110900878906e-01
4.665705561637878418e-01 6.480508446693420410e-01
4.470293521881103516e-01 6.324775815010070801e-01
4.462772607803344727e-01 6.320399045944213867e-01
4.462037682533264160e-01 6.322416067123413086e-01
4.462076425552368164e-01 6.323780417442321777e-01
4.460301399230957031e-01 6.325624585151672363e-01
4.457275271415710449e-01 6.328503489494323730e-01
4.893832802772521973e-01 6.196616888046264648e-01
4.893322587013244629e-01 6.196525096893310547e-01
4.763268232345581055e-01 6.556558012962341309e-01
4.795040488243103027e-01 6.513692140579223633e-01
4.818395376205444336e-01 6.478613018989562988e-01
4.849623441696166992e-01 6.435729861259460449e-01
4.875499010086059570e-01 6.120688319206237793e-01
5.135098099708557129e-01 6.209181547164916992e-01
5.138491392135620117e-01 6.215912103652954102e-01
5.152203440666198730e-01 6.283695101737976074e-01
5.147332549095153809e-01 6.312828063964843750e-01
5.142460465431213379e-01 6.320823431015014648e-01
4.563531875610351562e-01 6.625977158546447754e-01
4.889953732490539551e-01 7.088536024093627930e-01
4.900778532028198242e-01 7.082046270370483398e-01
4.917382597923278809e-01 7.065583467483520508e-01
4.923370480537414551e-01 7.058920860290527344e-01
4.934465885162353516e-01 7.047075033187866211e-01
4.946311712265014648e-01 7.037004232406616211e-01
4.967501163482666016e-01 7.018885612487792969e-01
4.970904588699340820e-01 7.014467716217041016e-01
4.990779161453247070e-01 6.991579532623291016e-01
4.713850021362304688e-01 3.492712974548339844e-01
5.245443582534790039e-01 2.254542410373687744e-01
5.261471271514892578e-01 2.229158878326416016e-01
5.121211409568786621e-01 2.167461216449737549e-01
5.116863846778869629e-01 2.177204787731170654e-01
4.707421064376831055e-01 3.607283234596252441e-01
4.691269993782043457e-01 3.587612807750701904e-01
4.772977232933044434e-01 3.531097769737243652e-01
4.776224493980407715e-01 3.527490496635437012e-01
4.783985018730163574e-01 3.516633808612823486e-01
4.790666699409484863e-01 3.503601253032684326e-01
4.795967340469360352e-01 3.486035764217376709e-01
4.797756075859069824e-01 3.464249670505523682e-01
4.798709154129028320e-01 3.442310392856597900e-01
4.839144349098205566e-01 3.640859127044677734e-01
4.839163422584533691e-01 3.649328649044036865e-01
4.813945889472961426e-01 3.559253811836242676e-01
4.830790758132934570e-01 3.564358651638031006e-01
4.841194152832031250e-01 3.571631610393524170e-01
4.868819117546081543e-01 3.654456734657287598e-01
4.874985814094543457e-01 3.695413172245025635e-01
4.888831973075866699e-01 3.220584094524383545e-01
5.748593807220458984e-01 4.171697795391082764e-01
5.766513943672180176e-01 4.183465242385864258e-01
5.883221030235290527e-01 4.464504420757293701e-01
5.296972990036010742e-01 4.618085026741027832e-01
5.345587134361267090e-01 4.594573974609375000e-01
5.457106828689575195e-01 4.544669687747955322e-01
5.654889941215515137e-01 4.486595392227172852e-01
5.743217468261718750e-01 4.491904377937316895e-01
5.836574435234069824e-01 4.552561044692993164e-01
5.882215499877929688e-01 4.621346592903137207e-01
5.903711318969726562e-01 4.684440791606903076e-01
5.910716652870178223e-01 4.719725251197814941e-01
5.732252001762390137e-01 4.129000604152679443e-01
5.060961246490478516e-01 4.272250533103942871e-01
5.039709806442260742e-01 4.282627105712890625e-01
5.568301081657409668e-01 3.919815123081207275e-01
5.603221654891967773e-01 3.897497355937957764e-01
5.598998665809631348e-01 3.900214135646820068e-01
5.620543360710144043e-01 3.876051008701324463e-01
5.620211362838745117e-01 3.867048025131225586e-01
5.634936094284057617e-01 3.848960101604461670e-01
5.700873732566833496e-01 4.153442084789276123e-01
3.922200798988342285e-01 6.928573846817016602e-01
3.914241790771484375e-01 6.963158249855041504e-01
3.933663368225097656e-01 6.992383599281311035e-01
3.751451969146728516e-01 5.624643564224243164e-01
5.927675366401672363e-01 4.531581699848175049e-01
5.571395754814147949e-01 4.536868929862976074e-01
5.010744333267211914e-01 4.573479592800140381e-01
2.704190015792846680e-01 5.471709370613098145e-01
2.652683258056640625e-01 5.675318241119384766e-01
2.640827298164367676e-01 5.726321339607238770e-01
2.623524069786071777e-01 5.793034434318542480e-01
5.036950707435607910e-01 3.703528940677642822e-01
4.883614778518676758e-01 3.787370920181274414e-01
4.821479916572570801e-01 3.886130750179290771e-01
4.822088479995727539e-01 3.894564509391784668e-01
4.859198927879333496e-01 3.934727609157562256e-01
4.898062348365783691e-01 3.989771902561187744e-01
4.920212626457214355e-01 4.019487500190734863e-01
3.989202380180358887e-01 6.768684387207031250e-01
3.951305150985717773e-01 6.718512773513793945e-01
3.944673538208007812e-01 6.721403598785400391e-01
3.944767117500305176e-01 6.723419427871704102e-01
3.715822845697402954e-02 7.295309901237487793e-01
3.713124990463256836e-02 7.296232581138610840e-01
3.717062622308731079e-02 7.294902205467224121e-01
2.028310745954513550e-01 7.117511034011840820e-01
8.264257013797760010e-02 8.154263496398925781e-01
8.560085296630859375e-02 7.731768488883972168e-01
8.675050735473632812e-02 7.611445784568786621e-01
8.813896775245666504e-02 7.462707757949829102e-01
8.857749402523040771e-02 7.409227490425109863e-01
8.900749683380126953e-02 7.346338033676147461e-01
8.969064056873321533e-02 7.170158028602600098e-01
8.970417082309722900e-02 7.122709751129150391e-01
8.957050740718841553e-02 7.053138613700866699e-01
8.942280709743499756e-02 7.013396620750427246e-01
9.765428304672241211e-02 6.896498203277587891e-01
1.173408776521682739e-01 6.843838095664978027e-01
1.481461524963378906e-01 6.733272671699523926e-01
1.685493886470794678e-01 6.631409525871276855e-01
1.816443949937820435e-01 6.515560150146484375e-01
1.744959056377410889e-01 6.514662504196166992e-01
1.646363586187362671e-01 6.522961854934692383e-01
1.630689054727554321e-01 6.529354453086853027e-01
4.965311288833618164e-01 3.794195950031280518e-01
5.552420616149902344e-01 3.466040194034576416e-01
5.456610321998596191e-01 3.447426259517669678e-01
5.413852334022521973e-01 3.441320061683654785e-01
4.919202923774719238e-01 3.628183007240295410e-01
4.845961332321166992e-01 3.557920455932617188e-01
4.768170714378356934e-01 3.496002554893493652e-01
4.688694477081298828e-01 3.459524512290954590e-01
4.667230248451232910e-01 3.473294675350189209e-01
4.636944532394409180e-01 3.683006763458251953e-01
5.764999389648437500e-01 3.692530393600463867e-01
5.761651992797851562e-01 3.700456619262695312e-01
5.674600005149841309e-01 3.741867542266845703e-01
5.524783134460449219e-01 3.807961642742156982e-01
5.376609563827514648e-01 3.874744474887847900e-01
4.376683831214904785e-01 3.741029202938079834e-01
4.314504861831665039e-01 3.686849474906921387e-01
4.345053434371948242e-01 3.678096830844879150e-01
4.400334954261779785e-01 3.677381575107574463e-01
4.580837488174438477e-01 3.685411512851715088e-01
4.900906682014465332e-01 3.765870034694671631e-01
4.912220835685729980e-01 3.772338628768920898e-01
5.419216156005859375e-01 7.934573888778686523e-01
5.422313213348388672e-01 7.952477931976318359e-01
5.450608730316162109e-01 8.079913258552551270e-01
5.453863143920898438e-01 8.076285123825073242e-01
5.457481741905212402e-01 8.073599934577941895e-01
5.469212532043457031e-01 8.070794343948364258e-01
5.487440824508666992e-01 8.087968230247497559e-01
5.597255825996398926e-01 7.600933909416198730e-01
5.588245987892150879e-01 7.600489854812622070e-01
5.584793090820312500e-01 7.599439620971679688e-01
5.582556128501892090e-01 7.601932287216186523e-01
5.586658120155334473e-01 7.609544396400451660e-01
5.597341656684875488e-01 7.624835371971130371e-01
5.620967745780944824e-01 7.666249871253967285e-01
5.507653355598449707e-01 7.874053120613098145e-01
5.500203967094421387e-01 7.844943404197692871e-01
5.495145916938781738e-01 7.821801304817199707e-01
5.483838319778442383e-01 7.756509184837341309e-01
5.479536652565002441e-01 7.665705680847167969e-01
5.480273962020874023e-01 7.657794356346130371e-01
5.496333241462707520e-01 7.513638734817504883e-01
5.419921278953552246e-01 7.906976342201232910e-01
4.678847193717956543e-01 5.890085697174072266e-01
4.685547351837158203e-01 5.889566540718078613e-01
4.649969339370727539e-01 5.895422697067260742e-01
2.900903820991516113e-01 5.650888681411743164e-01
3.143241405487060547e-01 5.811119675636291504e-01
3.241643309593200684e-01 5.894185900688171387e-01
3.245407938957214355e-01 5.896341204643249512e-01
3.381139636039733887e-01 6.025919914245605469e-01
3.529521822929382324e-01 6.170210242271423340e-01
3.704218268394470215e-01 6.342313885688781738e-01
3.771581649780273438e-01 6.409847736358642578e-01
3.896443843841552734e-01 6.540762186050415039e-01
3.977248072624206543e-01 6.632986664772033691e-01
4.336979389190673828e-01 7.337790727615356445e-01
4.406308531761169434e-01 7.499444484710693359e-01
4.425438642501831055e-01 7.565752863883972168e-01
4.572281241416931152e-01 5.539771318435668945e-01
4.599559307098388672e-01 5.580106377601623535e-01
4.624384641647338867e-01 5.618665814399719238e-01
4.628098011016845703e-01 5.626192092895507812e-01
4.669111371040344238e-01 5.687500238418579102e-01
4.692835211753845215e-01 5.720210075378417969e-01
5.328844189643859863e-01 5.875837206840515137e-01
5.288397669792175293e-01 5.639938712120056152e-01
5.121636986732482910e-01 4.992968142032623291e-01
5.122169852256774902e-01 5.040040016174316406e-01
5.103923082351684570e-01 4.961472153663635254e-01
5.109611153602600098e-01 4.708971083164215088e-01
5.100841522216796875e-01 4.463236927986145020e-01
5.088539123535156250e-01 4.289961755275726318e-01
5.078296065330505371e-01 4.168826639652252197e-01
5.050581693649291992e-01 3.888379037380218506e-01
5.017719864845275879e-01 3.662755489349365234e-01
4.985355138778686523e-01 3.610754907131195068e-01
4.862018823623657227e-01 4.236077964305877686e-01
5.642451047897338867e-01 3.771226406097412109e-01
5.727335214614868164e-01 3.946105241775512695e-01
5.812588930130004883e-01 4.146819114685058594e-01
5.953853130340576172e-01 4.422321021556854248e-01
4.907176494598388672e-01 4.875695109367370605e-01
5.394441485404968262e-01 6.581456661224365234e-01
5.396000146865844727e-01 6.369218826293945312e-01
5.377923846244812012e-01 6.137462854385375977e-01
5.376653075218200684e-01 6.131753921508789062e-01
5.296354293823242188e-01 3.843730092048645020e-01
5.189418792724609375e-01 3.788635730743408203e-01
5.111854672431945801e-01 3.758271932601928711e-01
4.708536863327026367e-01 3.710649609565734863e-01
4.655098319053649902e-01 3.702646493911743164e-01
4.625880718231201172e-01 3.697476983070373535e-01
4.471483230590820312e-01 3.744810223579406738e-01
4.083434343338012695e-01 5.281845927238464355e-01
4.499961137771606445e-01 3.794849216938018799e-01
4.497603774070739746e-01 3.794029057025909424e-01
4.281615614891052246e-01 4.459680318832397461e-01
4.317767620086669922e-01 4.546267986297607422e-01
4.351494312286376953e-01 4.618888497352600098e-01
4.271646738052368164e-01 5.121119022369384766e-01
4.290850162506103516e-01 5.162864923477172852e-01
5.056353211402893066e-01 3.789395689964294434e-01
5.273575186729431152e-01 3.928044736385345459e-01
5.264805555343627930e-01 3.880833089351654053e-01
5.291744470596313477e-01 3.879522085189819336e-01
5.292395353317260742e-01 3.879546821117401123e-01
5.344622731208801270e-01 3.888100385665893555e-01
5.382871627807617188e-01 3.891476094722747803e-01
5.213511586189270020e-01 3.979569971561431885e-01
5.637319087982177734e-01 4.094085097312927246e-01
5.488582253456115723e-01 4.155695736408233643e-01
5.129436850547790527e-01 4.375619590282440186e-01
4.982015490531921387e-01 4.474294781684875488e-01
4.783869981765747070e-01 4.609524905681610107e-01
4.785857796669006348e-01 4.608260989189147949e-01
4.465121626853942871e-01 4.833733439445495605e-01
4.290290474891662598e-01 4.963428080081939697e-01
4.184045195579528809e-01 5.048285126686096191e-01
4.123125672340393066e-01 5.103234648704528809e-01
5.107873678207397461e-01 4.682773053646087646e-01
5.245646238327026367e-01 4.588390588760375977e-01
5.371798872947692871e-01 4.507124423980712891e-01
6.094353199005126953e-01 4.304343461990356445e-01
6.356735229492187500e-01 4.497783482074737549e-01
6.350905895233154297e-01 4.533615112304687500e-01
6.351176500320434570e-01 4.551088809967041016e-01
6.355506777763366699e-01 4.583689272403717041e-01
6.363276243209838867e-01 4.606684148311614990e-01
6.370049715042114258e-01 4.608786404132843018e-01
6.372853517532348633e-01 4.579919874668121338e-01
5.121322870254516602e-01 1.801323704421520233e-02
5.102666020393371582e-01 2.486252039670944214e-02
4.286167621612548828e-01 2.975135445594787598e-01
4.287697672843933105e-01 2.974448204040527344e-01
4.287458658218383789e-01 2.974610924720764160e-01
4.286137223243713379e-01 2.975090742111206055e-01
4.286792874336242676e-01 2.974610626697540283e-01
4.287399053573608398e-01 2.974615991115570068e-01
4.287886619567871094e-01 2.973771989345550537e-01
4.239227175712585449e-01 3.431377410888671875e-01
4.949116110801696777e-01 1.196552887558937073e-01
4.972411990165710449e-01 1.248217374086380005e-01
4.288855195045471191e-01 2.973707616329193115e-01
5.724834799766540527e-01 2.933801412582397461e-01
5.162286162376403809e-01 5.793229117989540100e-02
5.209333300590515137e-01 1.002089865505695343e-02
5.207180380821228027e-01 9.734407067298889160e-03
5.210916996002197266e-01 9.547113440930843353e-03
5.216634273529052734e-01 9.825888089835643768e-03
5.215240120887756348e-01 9.786524809896945953e-03
5.235154032707214355e-01 1.055406872183084488e-02
5.158273577690124512e-01 8.478654548525810242e-03
5.680151581764221191e-01 6.667596846818923950e-02
5.675748586654663086e-01 1.124578937888145447e-01
5.681965351104736328e-01 1.052397787570953369e-01
5.606753826141357422e-01 8.351192623376846313e-02
5.081750750541687012e-01 2.245291471481323242e-01
5.054299235343933105e-01 2.208134829998016357e-01
5.048635005950927734e-01 2.167811095714569092e-01
4.915866851806640625e-01 2.041166126728057861e-01
4.915137290954589844e-01 2.036581039428710938e-01
4.907290339469909668e-01 1.972962021827697754e-01
5.238865613937377930e-01 4.001276195049285889e-02
5.264254212379455566e-01 4.017240926623344421e-02
5.296601653099060059e-01 3.847076743841171265e-02
5.308973193168640137e-01 3.758636862039566040e-02
5.335038900375366211e-01 3.554914891719818115e-02
5.483545660972595215e-01 3.282746672630310059e-02
5.498600602149963379e-01 3.456258028745651245e-02
5.531142354011535645e-01 3.685448318719863892e-02
5.588060021400451660e-01 4.184533283114433289e-02
5.595217347145080566e-01 4.276856407523155212e-02
5.618940591812133789e-01 4.656386375427246094e-02
5.658383965492248535e-01 5.772408470511436462e-02
5.326820611953735352e-01 4.627252221107482910e-01
5.180714130401611328e-01 4.420146048069000244e-01
5.147261619567871094e-01 4.382009804248809814e-01
5.138981938362121582e-01 4.373260438442230225e-01
5.195901393890380859e-01 4.459056854248046875e-01
5.300261378288269043e-01 4.525545835494995117e-01
5.333863496780395508e-01 4.538364708423614502e-01
5.118755698204040527e-01 4.350241422653198242e-01
5.109510421752929688e-01 4.353956580162048340e-01
5.106789469718933105e-01 4.366417825222015381e-01
5.134969353675842285e-01 4.448879063129425049e-01
5.145605802536010742e-01 4.474366009235382080e-01
5.146147608757019043e-01 4.058447182178497314e-01
5.098809003829956055e-01 4.068249762058258057e-01
5.079433917999267578e-01 4.087790548801422119e-01
5.073984265327453613e-01 4.105362296104431152e-01
5.208753347396850586e-01 4.047818183898925781e-01
4.989407062530517578e-01 4.097115397453308105e-01
5.030122995376586914e-01 4.108737111091613770e-01
5.050858855247497559e-01 4.113932251930236816e-01
5.067153573036193848e-01 4.114966392517089844e-01
5.090748071670532227e-01 4.109832942485809326e-01
4.568311572074890137e-01 4.929895102977752686e-01
4.592458009719848633e-01 4.924228787422180176e-01
4.583018422126770020e-01 4.470545649528503418e-01
4.604061841964721680e-01 4.467360973358154297e-01
4.615682363510131836e-01 4.465978443622589111e-01
4.544731378555297852e-01 4.551102519035339355e-01
4.544913768768310547e-01 4.533085823059082031e-01
4.548559784889221191e-01 4.526987075805664062e-01
4.635477066040039062e-01 4.735579192638397217e-01
4.659863710403442383e-01 4.772016704082489014e-01
4.691323637962341309e-01 4.810662865638732910e-01
4.753013849258422852e-01 4.878600239753723145e-01
4.752064347267150879e-01 4.877507090568542480e-01
4.797265529632568359e-01 4.933875799179077148e-01
4.845616221427917480e-01 5.008437633514404297e-01
4.441136121749877930e-01 4.951250851154327393e-01
4.442067146301269531e-01 4.955106973648071289e-01
4.441605806350708008e-01 4.955723583698272705e-01
4.433081150054931641e-01 4.962159693241119385e-01
4.424356818199157715e-01 4.967594146728515625e-01
4.417713284492492676e-01 4.971850812435150146e-01
4.397615194320678711e-01 4.983303844928741455e-01
4.105820059776306152e-01 4.907439649105072021e-01
4.110379219055175781e-01 4.912281930446624756e-01
4.108414053916931152e-01 4.916777014732360840e-01
4.102100133895874023e-01 4.914104938507080078e-01
4.099913239479064941e-01 4.910500347614288330e-01
4.099555015563964844e-01 4.901318848133087158e-01
4.102497100830078125e-01 4.898013174533843994e-01
4.119167923927307129e-01 4.888994991779327393e-01
4.215611219406127930e-01 4.855316281318664551e-01
4.230104684829711914e-01 4.860387444496154785e-01
5.025095343589782715e-01 4.855976402759552002e-01
5.032902359962463379e-01 4.852653145790100098e-01
5.039373040199279785e-01 4.843652248382568359e-01
5.038747787475585938e-01 4.833672940731048584e-01
5.470261573791503906e-01 4.828060865402221680e-01
5.476678013801574707e-01 4.829430878162384033e-01
5.509484410285949707e-01 4.856900274753570557e-01
5.536282062530517578e-01 4.881645739078521729e-01
5.553352236747741699e-01 4.895808398723602295e-01
5.578559041023254395e-01 4.908295571804046631e-01
5.604200959205627441e-01 4.919548928737640381e-01
5.621318221092224121e-01 4.927457869052886963e-01
4.926156401634216309e-01 1.234985515475273132e-01
4.926214218139648438e-01 1.235289499163627625e-01
4.926134347915649414e-01 1.235405057668685913e-01
4.887622594833374023e-01 1.197013929486274719e-01
4.914987683296203613e-01 1.169501394033432007e-01
4.404408931732177734e-01 1.894112527370452881e-01
4.384215474128723145e-01 1.906567811965942383e-01
4.383758902549743652e-01 1.907443106174468994e-01
4.378508329391479492e-01 1.931823492050170898e-01
4.376613497734069824e-01 1.999179124832153320e-01
4.362048506736755371e-01 2.048402428627014160e-01
3.690220713615417480e-01 2.176856100559234619e-01
3.569593429565429688e-01 2.162966728210449219e-01
3.497628569602966309e-01 2.150780260562896729e-01
3.464015126228332520e-01 2.143389284610748291e-01
3.367683291435241699e-01 2.109959125518798828e-01
3.298456668853759766e-01 2.048864960670471191e-01
3.286499977111816406e-01 2.015908062458038330e-01
3.293294906616210938e-01 1.929322481155395508e-01
4.519505500793457031e-01 3.106730878353118896e-01
4.513658881187438965e-01 3.101272284984588623e-01
4.501070976257324219e-01 3.111660778522491455e-01
2.203963249921798706e-01 8.087314963340759277e-01
2.156836241483688354e-01 8.120830655097961426e-01
2.085151523351669312e-01 8.169961571693420410e-01
1.976245492696762085e-01 8.241372704505920410e-01
1.949992626905441284e-01 8.257323503494262695e-01
1.877191215753555298e-01 8.298397660255432129e-01
1.515174657106399536e-01 8.280137777328491211e-01
1.538746803998947144e-01 8.270865678787231445e-01
1.554611027240753174e-01 8.266928195953369141e-01
1.565316170454025269e-01 8.267335295677185059e-01
1.570926159620285034e-01 8.267964124679565430e-01
1.587645709514617920e-01 8.270521759986877441e-01
1.603740006685256958e-01 8.272951245307922363e-01
1.625235974788665771e-01 8.281485438346862793e-01
1.640188097953796387e-01 8.323863148689270020e-01
1.740551143884658813e-01 8.159279227256774902e-01
1.716659963130950928e-01 8.189616799354553223e-01
1.645263284444808960e-01 8.326693773269653320e-01
1.628811061382293701e-01 8.334402441978454590e-01
1.609357893466949463e-01 8.360635638236999512e-01
1.518574506044387817e-01 7.989196777343750000e-01
1.406965702772140503e-01 9.115008115768432617e-01
5.427316427230834961e-01 3.285796642303466797e-01
5.466367602348327637e-01 3.222348093986511230e-01
5.477672815322875977e-01 3.200169801712036133e-01
5.493440032005310059e-01 3.163971900939941406e-01
6.247986555099487305e-01 4.103337228298187256e-01
6.158925890922546387e-01 4.045398831367492676e-01
5.405760407447814941e-01 3.142616152763366699e-01
5.477408170700073242e-01 3.173173666000366211e-01
5.500227808952331543e-01 3.185223042964935303e-01
5.735762119293212891e-01 3.325146436691284180e-01
5.540459752082824707e-01 3.207597136497497559e-01
5.737028717994689941e-01 3.324505090713500977e-01
5.772791504859924316e-01 3.342937827110290527e-01
5.827137827873229980e-01 3.357610106468200684e-01
5.855209827423095703e-01 3.307908773422241211e-01
5.854952931404113770e-01 3.315821290016174316e-01
5.854196548461914062e-01 3.287686109542846680e-01
5.164088010787963867e-01 3.624263107776641846e-01
5.201111435890197754e-01 3.600484132766723633e-01
5.383996963500976562e-01 3.367186784744262695e-01
5.389028191566467285e-01 3.353654742240905762e-01
5.410545468330383301e-01 3.313031494617462158e-01
5.691516399383544922e-01 3.226698040962219238e-01
5.439742803573608398e-01 3.121232092380523682e-01
5.081685185432434082e-01 3.018392920494079590e-01
4.709756374359130859e-01 3.000065684318542480e-01
4.203425049781799316e-01 3.018270432949066162e-01
4.820200204849243164e-01 4.123249948024749756e-01
5.082160234451293945e-01 4.248211979866027832e-01
5.395622849464416504e-01 4.402704834938049316e-01
5.613926649093627930e-01 4.503725171089172363e-01
5.640895962715148926e-01 4.514797925949096680e-01
5.050728917121887207e-01 4.216243624687194824e-01
4.777188301086425781e-01 4.110485017299652100e-01
4.722096323966979980e-01 4.087730050086975098e-01
4.736245274543762207e-01 4.093843698501586914e-01
5.011900663375854492e-01 3.492577373981475830e-01
5.076488852500915527e-01 3.461314141750335693e-01
5.087704658508300781e-01 3.450442850589752197e-01
5.083579421043395996e-01 3.452919125556945801e-01
5.081422328948974609e-01 3.454445004463195801e-01
5.097920298576354980e-01 3.453178703784942627e-01
5.155672430992126465e-01 3.449981212615966797e-01
5.164397358894348145e-01 3.448681235313415527e-01
5.459898710250854492e-01 3.495706915855407715e-01
5.462076067924499512e-01 3.502401709556579590e-01
5.454421639442443848e-01 3.517559170722961426e-01
5.447023510932922363e-01 3.524009287357330322e-01
5.438823699951171875e-01 3.527352213859558105e-01
5.424632430076599121e-01 3.527772724628448486e-01
5.422788858413696289e-01 3.527734279632568359e-01
5.391889214515686035e-01 3.531978726387023926e-01
5.372867584228515625e-01 3.536474406719207764e-01
5.408784151077270508e-01 3.500339686870574951e-01
5.403060913085937500e-01 3.500954508781433105e-01
5.397748947143554688e-01 3.509768843650817871e-01
5.395634174346923828e-01 3.515476584434509277e-01
5.389611124992370605e-01 3.545789420604705811e-01
5.384077429771423340e-01 3.555999100208282471e-01
5.382861495018005371e-01 3.550967276096343994e-01
5.380306839942932129e-01 3.553413450717926025e-01
5.560105443000793457e-01 3.482676446437835693e-01
5.549695491790771484e-01 3.490663766860961914e-01
5.530415773391723633e-01 3.491715192794799805e-01
5.527055263519287109e-01 3.491550683975219727e-01
5.511013865470886230e-01 3.490649163722991943e-01
5.201675295829772949e-01 6.671507954597473145e-01
5.203393101692199707e-01 6.670799851417541504e-01
5.203750729560852051e-01 6.670470833778381348e-01
5.190764665603637695e-01 6.672786474227905273e-01
5.207508206367492676e-01 6.308331489562988281e-01
5.196129083633422852e-01 6.672329902648925781e-01
5.151767730712890625e-01 5.350642204284667969e-01
5.104193687438964844e-01 4.889235198497772217e-01
5.054238438606262207e-01 4.886935651302337646e-01
5.036466121673583984e-01 4.941090345382690430e-01
5.402194261550903320e-01 5.020483136177062988e-01
3.859220147132873535e-01 5.039541125297546387e-01
3.845079541206359863e-01 4.991381764411926270e-01
3.919222950935363770e-01 4.922058284282684326e-01
4.478979110717773438e-01 4.835351407527923584e-01
4.481946825981140137e-01 4.844471216201782227e-01
4.491382241249084473e-01 4.871214032173156738e-01
4.521515965461730957e-01 4.930019676685333252e-01
4.539252519607543945e-01 4.953941702842712402e-01
4.576979875564575195e-01 5.005232095718383789e-01
4.592707157135009766e-01 5.028403401374816895e-01
5.609136223793029785e-01 5.759536027908325195e-01
