4.957599937915802002e-01 1.557700037956237793e-01
4.971199929714202881e-01 1.557700037956237793e-01
4.997699856758117676e-01 1.557700037956237793e-01
4.946900010108947754e-01 1.557700037956237793e-01
5.830500125885009766e-01 1.557700037956237793e-01
3.979200124740600586e-01 7.565100193023681641e-01
3.995499908924102783e-01 7.646300196647644043e-01
4.047999978065490723e-01 7.751200199127197266e-01
3.951100111007690430e-01 7.783899903297424316e-01
3.944799900054931641e-01 7.760599851608276367e-01
3.928500115871429443e-01 7.699699997901916504e-01
4.152100086212158203e-01 7.853099703788757324e-01
4.074299931526184082e-01 7.826300263404846191e-01
4.078100025653839111e-01 7.732099890708923340e-01
5.052999854087829590e-01 1.019799947738647461e+00
5.010200142860412598e-01 1.016199946403503418e+00
5.016899704933166504e-01 1.015699982643127441e+00
4.976499974727630615e-01 1.020799994468688965e+00
4.986799955368041992e-01 1.017699956893920898e+00
4.854800105094909668e-01 1.020400047302246094e+00
6.393799781799316406e-01 1.557700037956237793e-01
5.039700269699096680e-01 1.557700037956237793e-01
5.378400087356567383e-01 5.728600025177001953e-01
5.387600064277648926e-01 5.732899904251098633e-01
4.379799962043762207e-01 5.963100194931030273e-01
4.395900070667266846e-01 5.959500074386596680e-01
4.405699968338012695e-01 5.966600179672241211e-01
4.397099912166595459e-01 5.959799885749816895e-01
4.393300116062164307e-01 5.964900255203247070e-01
4.381499886512756348e-01 5.952299833297729492e-01
4.373100101947784424e-01 5.935999751091003418e-01
4.461199939250946045e-01 5.901499986648559570e-01
4.462800025939941406e-01 5.904300212860107422e-01
4.490000009536743164e-01 6.385999917984008789e-01
4.525600075721740723e-01 7.905700206756591797e-01
4.986400008201599121e-01 5.372099876403808594e-01
5.165200233459472656e-01 4.634500145912170410e-01
5.154799818992614746e-01 4.819200038909912109e-01
5.137199759483337402e-01 4.948599934577941895e-01
5.113599896430969238e-01 5.047299861907958984e-01
5.104799866676330566e-01 5.135300159454345703e-01
5.082799792289733887e-01 5.156599879264831543e-01
5.015000104904174805e-01 4.742299914360046387e-01
4.996899962425231934e-01 4.765000045299530029e-01
4.895600080490112305e-01 4.226000010967254639e-01
4.900699853897094727e-01 4.175100028514862061e-01
4.933499991893768311e-01 4.278599917888641357e-01
4.915100038051605225e-01 4.202600121498107910e-01
6.101400256156921387e-01 3.336099982261657715e-01
5.983300209045410156e-01 3.330700099468231201e-01
5.998499989509582520e-01 3.326599895954132080e-01
4.526000022888183594e-01 4.056699872016906738e-01
4.656400084495544434e-01 3.914999961853027344e-01
5.773500204086303711e-01 3.766599893569946289e-01
5.664399862289428711e-01 3.481599986553192139e-01
5.346800088882446289e-01 2.982900142669677734e-01
5.358700156211853027e-01 2.993600070476531982e-01
5.659199953079223633e-01 3.589099943637847900e-01
5.716699957847595215e-01 3.710399866104125977e-01
5.555199980735778809e-01 3.476999998092651367e-01
5.395500063896179199e-01 3.407100141048431396e-01
4.874100089073181152e-01 3.911400139331817627e-01
4.843699932098388672e-01 4.059000015258789062e-01
4.871700108051300049e-01 3.988499939441680908e-01
4.870499968528747559e-01 3.920100033283233643e-01
6.026499867439270020e-01 3.283999860286712646e-01
4.705899953842163086e-01 5.156000256538391113e-01
4.721100032329559326e-01 5.081800222396850586e-01
4.797399938106536865e-01 7.774599790573120117e-01
4.787400066852569580e-01 7.812200188636779785e-01
4.778400063514709473e-01 7.870200276374816895e-01
5.139700174331665039e-01 7.940000295639038086e-01
5.100899934768676758e-01 7.940300107002258301e-01
5.090699791908264160e-01 7.979400157928466797e-01
5.079299807548522949e-01 7.986299991607666016e-01
5.073099732398986816e-01 8.011999726295471191e-01
5.067999958992004395e-01 8.023599982261657715e-01
5.069500207901000977e-01 8.021699786186218262e-01
5.062999725341796875e-01 8.036400079727172852e-01
5.050600171089172363e-01 8.068799972534179688e-01
6.554700136184692383e-01 5.600500106811523438e-01
6.534600257873535156e-01 5.672199726104736328e-01
6.481500267982482910e-01 5.729699730873107910e-01
6.410700082778930664e-01 5.799800157546997070e-01
6.282600164413452148e-01 5.667899847030639648e-01
6.208000183105468750e-01 5.643399953842163086e-01
6.138299703598022461e-01 5.717999935150146484e-01
5.819699764251708984e-01 5.982499718666076660e-01
5.181699991226196289e-01 6.308199763298034668e-01
5.319600105285644531e-01 7.327299714088439941e-01
5.317699909210205078e-01 7.336000204086303711e-01
5.315899848937988281e-01 7.344599962234497070e-01
5.314099788665771484e-01 7.353199720382690430e-01
4.590100049972534180e-01 7.618100047111511230e-01
4.688400030136108398e-01 7.592999935150146484e-01
4.672699868679046631e-01 6.951000094413757324e-01
4.689899981021881104e-01 6.905199885368347168e-01
4.708999991416931152e-01 6.905300021171569824e-01
4.710299968719482422e-01 6.854599714279174805e-01
4.701499938964843750e-01 6.802700161933898926e-01
4.712300002574920654e-01 6.802200078964233398e-01
4.702999889850616455e-01 6.812300086021423340e-01
4.740700125694274902e-01 6.902199983596801758e-01
4.768399894237518311e-01 6.893399953842163086e-01
4.782400131225585938e-01 6.891400218009948730e-01
4.802800118923187256e-01 6.896499991416931152e-01
4.824100136756896973e-01 6.901500225067138672e-01
5.150799751281738281e-01 6.832900047302246094e-01
5.096200108528137207e-01 6.855700016021728516e-01
5.095000267028808594e-01 6.861699819564819336e-01
7.077299952507019043e-01 6.355800032615661621e-01
7.078499794006347656e-01 6.366000175476074219e-01
7.071700096130371094e-01 6.364499926567077637e-01
7.072499990463256836e-01 6.368299722671508789e-01
4.305999875068664551e-01 6.086199879646301270e-01
4.677299857139587402e-01 6.066499948501586914e-01
5.367199778556823730e-01 6.116399765014648438e-01
5.617600083351135254e-01 6.196299791336059570e-01
5.597199797630310059e-01 6.176900267601013184e-01
5.585600137710571289e-01 6.204299926757812500e-01
5.578799843788146973e-01 6.194599866867065430e-01
5.573899745941162109e-01 6.206200122833251953e-01
5.574799776077270508e-01 6.205899715423583984e-01
5.571299791336059570e-01 6.229799985885620117e-01
5.569000244140625000e-01 6.223300099372863770e-01
5.568500161170959473e-01 6.236100196838378906e-01
5.573400259017944336e-01 6.236699819564819336e-01
5.570200085639953613e-01 6.239100098609924316e-01
5.575799942016601562e-01 6.242899894714355469e-01
5.943400263786315918e-01 6.246600151062011719e-01
5.946499705314636230e-01 6.253100037574768066e-01
6.959699988365173340e-01 6.300399899482727051e-01
5.472000241279602051e-01 2.003300040960311890e-01
5.281800031661987305e-01 1.778700053691864014e-01
5.281199812889099121e-01 1.756000071763992310e-01
5.288400053977966309e-01 1.719900071620941162e-01
5.320500135421752930e-01 1.778700053691864014e-01
5.731800198554992676e-01 2.211100012063980103e-01
5.230399966239929199e-01 1.951099932193756104e-01
5.243399739265441895e-01 1.944299936294555664e-01
5.769400000572204590e-01 2.270800024271011353e-01
5.243300199508666992e-01 1.956100016832351685e-01
5.575900077819824219e-01 1.859599947929382324e-01
5.575699806213378906e-01 1.858299970626831055e-01
5.560200214385986328e-01 1.870400011539459229e-01
5.813800096511840820e-01 2.232799977064132690e-01
5.218799710273742676e-01 2.007600069046020508e-01
5.173100233078002930e-01 2.058500051498413086e-01
5.417199730873107910e-01 2.317399978637695312e-01
5.502799749374389648e-01 2.520999908447265625e-01
5.489799976348876953e-01 2.487899959087371826e-01
5.642600059509277344e-01 2.680000066757202148e-01
5.229700207710266113e-01 2.051399946212768555e-01
5.232499837875366211e-01 2.048899978399276733e-01
4.336999952793121338e-01 6.049900054931640625e-01
4.366900026798248291e-01 5.929399728775024414e-01
4.406299889087677002e-01 5.931599736213684082e-01
4.445500075817108154e-01 6.341800093650817871e-01
4.423800110816955566e-01 6.272100210189819336e-01
4.440299868583679199e-01 6.094499826431274414e-01
4.263100028038024902e-01 6.060299873352050781e-01
4.291200041770935059e-01 6.020600199699401855e-01
4.098500013351440430e-01 6.155800223350524902e-01
4.478000104427337646e-01 5.971699953079223633e-01
5.888199806213378906e-01 5.165500044822692871e-01
6.176400184631347656e-01 5.201600193977355957e-01
3.975000083446502686e-01 5.921700000762939453e-01
3.989399969577789307e-01 5.955799818038940430e-01
3.964500129222869873e-01 5.850700139999389648e-01
3.921900093555450439e-01 5.694400072097778320e-01
3.914600014686584473e-01 5.753600001335144043e-01
3.983600139617919922e-01 5.750499963760375977e-01
4.224199950695037842e-01 5.612199902534484863e-01
4.512400031089782715e-01 5.566899776458740234e-01
4.591499865055084229e-01 5.795800089836120605e-01
4.585700035095214844e-01 5.860999822616577148e-01
4.988400042057037354e-01 2.093400061130523682e-01
4.828499853610992432e-01 2.289900034666061401e-01
5.167300105094909668e-01 1.590300053358078003e-01
5.691599845886230469e-01 1.964700073003768921e-01
5.443300008773803711e-01 1.809599995613098145e-01
4.130400121212005615e-01 2.401700019836425781e-01
4.496699869632720947e-01 2.097599953413009644e-01
5.173000097274780273e-01 1.458200067281723022e-01
5.145599842071533203e-01 1.503500044345855713e-01
5.156599879264831543e-01 1.485099941492080688e-01
5.202199816703796387e-01 1.464599967002868652e-01
5.013999938964843750e-01 2.090699970722198486e-01
4.974499940872192383e-01 2.215400040149688721e-01
5.598099827766418457e-01 1.429599970579147339e-01
5.697600245475769043e-01 1.315899938344955444e-01
5.256800055503845215e-01 1.915500015020370483e-01
5.551900267601013184e-01 1.580100059509277344e-01
5.961199998855590820e-01 1.220799982547760010e-01
5.370399951934814453e-01 2.208600044250488281e-01
5.355799794197082520e-01 2.095099985599517822e-01
4.740000069141387939e-01 2.207800000905990601e-01
4.873299896717071533e-01 1.143599972128868103e-01
4.399099946022033691e-01 4.653800129890441895e-01
4.448199868202209473e-01 4.551700055599212646e-01
4.643599987030029297e-01 4.333100020885467529e-01
4.509699940681457520e-01 4.529899954795837402e-01
4.489099979400634766e-01 4.562099874019622803e-01
4.582400023937225342e-01 4.570400118827819824e-01
4.579600095748901367e-01 4.565100073814392090e-01
4.575499892234802246e-01 4.549199938774108887e-01
4.595699906349182129e-01 4.580399990081787109e-01
4.592899978160858154e-01 4.575600028038024902e-01
4.556300044059753418e-01 4.577200114727020264e-01
4.561400115489959717e-01 4.575200080871582031e-01
4.551999866962432861e-01 4.543200135231018066e-01
4.568499922752380371e-01 4.583700001239776611e-01
4.573400020599365234e-01 4.588800072669982910e-01
4.594500064849853516e-01 4.601500034332275391e-01
4.611600041389465332e-01 4.636799991130828857e-01
4.769000113010406494e-01 4.512200057506561279e-01
4.780299961566925049e-01 4.523400068283081055e-01
4.773199856281280518e-01 4.480699896812438965e-01
4.785900115966796875e-01 4.496400058269500732e-01
5.061200261116027832e-01 4.325399994850158691e-01
4.626699984073638916e-01 4.744200110435485840e-01
4.649100005626678467e-01 4.757199883460998535e-01
5.286999940872192383e-01 5.093600153923034668e-01
5.245900154113769531e-01 4.939700067043304443e-01
4.949499964714050293e-01 5.303400158882141113e-01
5.173199772834777832e-01 4.327000081539154053e-01
5.169199705123901367e-01 4.310899972915649414e-01
5.163199901580810547e-01 4.331299960613250732e-01
5.164399743080139160e-01 4.325099885463714600e-01
5.175700187683105469e-01 4.403499960899353027e-01
5.164999961853027344e-01 4.334299862384796143e-01
5.184500217437744141e-01 4.311400055885314941e-01
5.357199907302856445e-01 4.304000139236450195e-01
5.734599828720092773e-01 5.019800066947937012e-01
5.764099955558776855e-01 4.960399866104125977e-01
4.913899898529052734e-01 4.998399913311004639e-01
4.790300130844116211e-01 4.910100102424621582e-01
5.434100031852722168e-01 4.418399930000305176e-01
5.583999752998352051e-01 4.219900071620941162e-01
5.222499966621398926e-01 5.087900161743164062e-01
5.152000188827514648e-01 5.040400028228759766e-01
5.205900073051452637e-01 5.044599771499633789e-01
5.232599973678588867e-01 4.591200053691864014e-01
5.478600263595581055e-01 5.090199708938598633e-01
5.662400126457214355e-01 4.499100148677825928e-01
5.949199795722961426e-01 4.300400018692016602e-01
5.852400064468383789e-01 3.896600008010864258e-01
5.808699727058410645e-01 3.851999938488006592e-01
5.317199826240539551e-01 4.265699982643127441e-01
5.678300261497497559e-01 5.176799893379211426e-01
5.610100030899047852e-01 5.186600089073181152e-01
5.583400130271911621e-01 5.213400125503540039e-01
5.446299910545349121e-01 5.022900104522705078e-01
5.629400014877319336e-01 5.256100296974182129e-01
5.442900061607360840e-01 5.139399766921997070e-01
4.809600114822387695e-01 5.615199804306030273e-01
4.281100034713745117e-01 5.243700146675109863e-01
4.268600046634674072e-01 5.291500091552734375e-01
4.271599948406219482e-01 5.221700072288513184e-01
5.418300032615661621e-01 4.590699970722198486e-01
5.999900102615356445e-01 5.037000179290771484e-01
6.022400259971618652e-01 4.979499876499176025e-01
6.033800244331359863e-01 4.962300062179565430e-01
6.150500178337097168e-01 4.772700071334838867e-01
5.650200247764587402e-01 4.209699928760528564e-01
5.659000277519226074e-01 4.209299981594085693e-01
5.640699863433837891e-01 4.220399856567382812e-01
5.658800005912780762e-01 4.183900058269500732e-01
5.783900022506713867e-01 4.066399931907653809e-01
5.884299874305725098e-01 4.077599942684173584e-01
5.920299887657165527e-01 4.156300127506256104e-01
5.920900106430053711e-01 4.193499982357025146e-01
5.917999744415283203e-01 4.217599928379058838e-01
5.916600227355957031e-01 4.226700067520141602e-01
5.965700149536132812e-01 3.429299890995025635e-01
5.951700210571289062e-01 3.436500132083892822e-01
5.953000187873840332e-01 3.458299934864044189e-01
5.860499739646911621e-01 3.840599954128265381e-01
5.857999920845031738e-01 3.849799931049346924e-01
5.859199762344360352e-01 3.837400078773498535e-01
5.860599875450134277e-01 3.830099999904632568e-01
5.863699913024902344e-01 3.898699879646301270e-01
5.865300297737121582e-01 3.927299976348876953e-01
5.860099792480468750e-01 3.910300135612487793e-01
5.856299996376037598e-01 3.932699859142303467e-01
5.877699851989746094e-01 3.927499949932098389e-01
5.131999850273132324e-01 7.840099930763244629e-01
5.062100291252136230e-01 7.862200140953063965e-01
5.139200091361999512e-01 7.793099880218505859e-01
5.841100215911865234e-01 1.831600069999694824e-01
5.749999880790710449e-01 1.681499928236007690e-01
5.901299715042114258e-01 2.060600072145462036e-01
5.867400169372558594e-01 2.007800042629241943e-01
5.921999812126159668e-01 2.058500051498413086e-01
6.131899952888488770e-01 2.017399966716766357e-01
5.322700142860412598e-01 3.361899852752685547e-01
5.322700142860412598e-01 3.361899852752685547e-01
5.211099982261657715e-01 3.297800123691558838e-01
4.507499933242797852e-01 4.198000133037567139e-01
4.771800041198730469e-01 4.486899971961975098e-01
4.809699952602386475e-01 4.681999981403350830e-01
4.809699952602386475e-01 4.681999981403350830e-01
4.742400050163269043e-01 4.638600051403045654e-01
5.974000096321105957e-01 4.925400018692016602e-01
5.990200042724609375e-01 4.895800054073333740e-01
4.788100123405456543e-01 1.109899997711181641e+00
4.156999886035919189e-01 4.460699856281280518e-01
4.260700047016143799e-01 4.607299864292144775e-01
4.221200048923492432e-01 4.274600148200988770e-01
4.223000109195709229e-01 4.261499941349029541e-01
4.611999988555908203e-01 4.307700097560882568e-01
4.279499948024749756e-01 4.166199862957000732e-01
4.277600049972534180e-01 4.237299859523773193e-01
4.279100000858306885e-01 4.192399978637695312e-01
4.280500113964080811e-01 4.185999929904937744e-01
5.026299953460693359e-01 4.235500097274780273e-01
5.042700171470642090e-01 4.328100085258483887e-01
5.112000107765197754e-01 4.070500135421752930e-01
5.120999813079833984e-01 3.854500055313110352e-01
5.340499877929687500e-01 3.629299998283386230e-01
5.281900167465209961e-01 3.711499869823455811e-01
3.859600126743316650e-01 5.444899797439575195e-01
4.356899857521057129e-01 4.875800013542175293e-01
4.735299944877624512e-01 4.947400093078613281e-01
4.845199882984161377e-01 4.845899939537048340e-01
4.264400005340576172e-01 4.846799969673156738e-01
4.060699939727783203e-01 4.842999875545501709e-01
4.086900055408477783e-01 4.856599867343902588e-01
3.967700004577636719e-01 4.812099933624267578e-01
4.064599871635437012e-01 4.951399862766265869e-01
5.669199824333190918e-01 3.246999979019165039e-01
5.661600232124328613e-01 3.248000144958496094e-01
5.646100044250488281e-01 3.227199912071228027e-01
5.789300203323364258e-01 3.401199877262115479e-01
5.904399752616882324e-01 3.265100121498107910e-01
5.055999755859375000e-01 3.184899985790252686e-01
5.023900270462036133e-01 3.251500129699707031e-01
5.008699893951416016e-01 3.301199972629547119e-01
5.013300180435180664e-01 3.296099901199340820e-01
5.015699863433837891e-01 3.267199993133544922e-01
5.025200247764587402e-01 3.266400098800659180e-01
5.026599764823913574e-01 3.290100097656250000e-01
5.018600225448608398e-01 3.300299942493438721e-01
5.182999968528747559e-01 3.143500089645385742e-01
5.160800218582153320e-01 3.127399981021881104e-01
5.123199820518493652e-01 3.092600107192993164e-01
5.374100208282470703e-01 3.172200024127960205e-01
5.653600096702575684e-01 3.186900019645690918e-01
5.233600139617919922e-01 3.239699900150299072e-01
5.235400199890136719e-01 3.218500018119812012e-01
5.336700081825256348e-01 3.190200030803680420e-01
5.551999807357788086e-01 3.282099962234497070e-01
5.048900246620178223e-01 5.623800158500671387e-01
5.026599764823913574e-01 5.615400075912475586e-01
5.020499825477600098e-01 5.559499859809875488e-01
4.991700053215026855e-01 6.028900146484375000e-01
4.953300058841705322e-01 5.720700025558471680e-01
5.602499842643737793e-01 4.152300059795379639e-01
5.631499886512756348e-01 3.616400063037872314e-01
4.949499964714050293e-01 5.671499967575073242e-01
4.916099905967712402e-01 5.619599819183349609e-01
4.908899962902069092e-01 5.562000274658203125e-01
4.896200001239776611e-01 5.537800192832946777e-01
5.727300047874450684e-01 3.587799966335296631e-01
5.696700215339660645e-01 3.606800138950347900e-01
5.663499832153320312e-01 3.636099994182586670e-01
5.650200247764587402e-01 3.691799938678741455e-01
5.083699822425842285e-01 4.578599929809570312e-01
5.049899816513061523e-01 4.622200131416320801e-01
5.034899711608886719e-01 4.634099900722503662e-01
5.031800270080566406e-01 4.660300016403198242e-01
5.021399855613708496e-01 4.667600095272064209e-01
4.808900058269500732e-01 4.867100119590759277e-01
4.834499955177307129e-01 5.078499913215637207e-01
5.327200293540954590e-01 4.207600057125091553e-01
5.212500095367431641e-01 4.083699882030487061e-01
5.177599787712097168e-01 3.866100013256072998e-01
5.161899924278259277e-01 4.114699959754943848e-01
5.204600095748901367e-01 3.686099946498870850e-01
5.202699899673461914e-01 3.880999982357025146e-01
4.832200109958648682e-01 5.316100120544433594e-01
4.861299991607666016e-01 5.455200076103210449e-01
4.903900027275085449e-01 5.453799962997436523e-01
4.836699962615966797e-01 4.757899940013885498e-01
4.451000094413757324e-01 3.117499947547912598e-01
5.157200098037719727e-01 4.323599934577941895e-01
5.438500046730041504e-01 2.840799987316131592e-01
5.245500206947326660e-01 3.048599958419799805e-01
5.237699747085571289e-01 2.991200089454650879e-01
5.227599740028381348e-01 3.222300112247467041e-01
5.203300118446350098e-01 3.514899909496307373e-01
5.169399976730346680e-01 3.884199857711791992e-01
5.200600028038024902e-01 3.913399875164031982e-01
5.200899839401245117e-01 4.106700122356414795e-01
5.204600095748901367e-01 4.176200032234191895e-01
5.227100253105163574e-01 4.120399951934814453e-01
3.427200019359588623e-01 5.064200162887573242e-01
3.507399857044219971e-01 6.060199737548828125e-01
3.452900052070617676e-01 5.986300110816955566e-01
3.467400074005126953e-01 5.981299877166748047e-01
3.555400073528289795e-01 6.025199890136718750e-01
3.352699875831604004e-01 5.903800129890441895e-01
3.335900008678436279e-01 5.847799777984619141e-01
3.324699997901916504e-01 5.861600041389465332e-01
3.340800106525421143e-01 5.849000215530395508e-01
3.338100016117095947e-01 5.902100205421447754e-01
3.340199887752532959e-01 5.873600244522094727e-01
3.542700111865997314e-01 4.971500039100646973e-01
3.506900072097778320e-01 4.934499859809875488e-01
3.488099873065948486e-01 4.871799945831298828e-01
3.513199985027313232e-01 4.911800026893615723e-01
3.532600104808807373e-01 4.991100132465362549e-01
3.471899926662445068e-01 4.844399988651275635e-01
3.443000018596649170e-01 4.914000034332275391e-01
3.432599902153015137e-01 4.924800097942352295e-01
3.440600037574768066e-01 4.934700131416320801e-01
3.395600020885467529e-01 4.947499930858612061e-01
3.436000049114227295e-01 5.036900043487548828e-01
4.415499866008758545e-01 5.295299887657165527e-01
4.451200067996978760e-01 5.258100032806396484e-01
5.727400183677673340e-01 4.319899976253509521e-01
5.744799971580505371e-01 4.300400018692016602e-01
4.391199946403503418e-01 5.926499962806701660e-01
4.406200051307678223e-01 5.969899892807006836e-01
4.414600133895874023e-01 5.950499773025512695e-01
4.432500004768371582e-01 5.973700284957885742e-01
4.607900083065032959e-01 5.817999839782714844e-01
4.596300125122070312e-01 5.713499784469604492e-01
4.581399857997894287e-01 5.581499934196472168e-01
4.586400091648101807e-01 5.065400004386901855e-01
4.708499908447265625e-01 5.886099934577941895e-01
4.481599926948547363e-01 5.687599778175354004e-01
4.508700072765350342e-01 5.801699757575988770e-01
4.504399895668029785e-01 4.646700024604797363e-01
4.442700147628784180e-01 4.605300128459930420e-01
4.490000009536743164e-01 4.544200003147125244e-01
4.533700048923492432e-01 4.493399858474731445e-01
4.788300096988677979e-01 4.228900074958801270e-01
4.893600046634674072e-01 4.723500013351440430e-01
3.849200010299682617e-01 5.990899801254272461e-01
3.932299911975860596e-01 5.724700093269348145e-01
3.939200043678283691e-01 5.723900198936462402e-01
3.940100073814392090e-01 5.732399821281433105e-01
3.936800062656402588e-01 5.727699995040893555e-01
3.926500082015991211e-01 5.699200034141540527e-01
3.993000090122222900e-01 5.662500262260437012e-01
4.259499907493591309e-01 5.580999851226806641e-01
4.369499981403350830e-01 5.453299880027770996e-01
4.415600001811981201e-01 5.394799709320068359e-01
4.965800046920776367e-01 5.119699835777282715e-01
5.332700014114379883e-01 4.892799854278564453e-01
5.334600210189819336e-01 4.869599938392639160e-01
5.337299704551696777e-01 4.829199910163879395e-01
5.329599976539611816e-01 4.834899902343750000e-01
5.298200249671936035e-01 4.790099859237670898e-01
5.235599875450134277e-01 4.814299941062927246e-01
5.227000117301940918e-01 4.839000105857849121e-01
5.241500139236450195e-01 4.805299937725067139e-01
5.263100266456604004e-01 4.791499972343444824e-01
5.257099866867065430e-01 4.840700030326843262e-01
5.390099883079528809e-01 4.705300033092498779e-01
5.276499986648559570e-01 4.772399961948394775e-01
5.061200261116027832e-01 8.681000024080276489e-02
3.907999992370605469e-01 1.993999928236007690e-01
3.675299882888793945e-01 2.135400027036666870e-01
3.577699959278106689e-01 2.009900063276290894e-01
3.930400013923645020e-01 1.940400004386901855e-01
3.334699869155883789e-01 1.698299944400787354e-01
4.667100012302398682e-01 5.603799968957901001e-02
4.668599963188171387e-01 5.581299960613250732e-02
4.679299890995025635e-01 5.892299860715866089e-02
4.659999907016754150e-01 5.480999872088432312e-02
6.100000143051147461e-01 1.384299993515014648e-01
4.664900004863739014e-01 6.153399869799613953e-02
4.662300050258636475e-01 6.297700107097625732e-02
5.623900294303894043e-01 7.648299634456634521e-02
7.714400291442871094e-01 7.648299634456634521e-02
7.788299918174743652e-01 7.648299634456634521e-02
5.858899950981140137e-01 4.242999851703643799e-02
5.851399898529052734e-01 4.008800163865089417e-02
7.650899887084960938e-01 1.311700046062469482e-01
7.650799751281738281e-01 1.310299932956695557e-01
7.649099826812744141e-01 1.309700012207031250e-01
6.800799965858459473e-01 1.071100011467933655e-01
4.323000013828277588e-01 5.815799832344055176e-01
3.768199980258941650e-01 6.706699728965759277e-01
4.380399882793426514e-01 5.529800057411193848e-01
4.379499852657318115e-01 5.430700182914733887e-01
4.413099884986877441e-01 5.439400076866149902e-01
3.452199995517730713e-01 6.271399855613708496e-01
3.552699983119964600e-01 6.486499905586242676e-01
3.643999993801116943e-01 6.587399840354919434e-01
3.668600022792816162e-01 6.618499755859375000e-01
3.656899929046630859e-01 6.628500223159790039e-01
3.659200072288513184e-01 6.614599823951721191e-01
3.699600100517272949e-01 6.639199852943420410e-01
3.705700039863586426e-01 6.632599830627441406e-01
4.670499861240386963e-01 7.014700174331665039e-01
4.662199914455413818e-01 7.038599848747253418e-01
4.627600014209747314e-01 6.988300085067749023e-01
4.615199863910675049e-01 6.994799971580505371e-01
4.626699984073638916e-01 6.996399760246276855e-01
4.620899856090545654e-01 6.990299820899963379e-01
4.623099863529205322e-01 6.989600062370300293e-01
4.546299874782562256e-01 6.942200064659118652e-01
4.556100070476531982e-01 6.904299855232238770e-01
5.141800045967102051e-01 5.391700267791748047e-01
5.157099962234497070e-01 5.200799703598022461e-01
5.117300152778625488e-01 5.095000267028808594e-01
5.116999745368957520e-01 5.086600184440612793e-01
5.135599970817565918e-01 4.994400143623352051e-01
5.191000103950500488e-01 5.020700097084045410e-01
5.151500105857849121e-01 5.011500120162963867e-01
5.108399987220764160e-01 4.814899861812591553e-01
5.124300122261047363e-01 4.701800048351287842e-01
5.119600296020507812e-01 4.675300121307373047e-01
5.112800002098083496e-01 4.708999991416931152e-01
5.098900198936462402e-01 4.775600135326385498e-01
5.116900205612182617e-01 4.621700048446655273e-01
5.406100153923034668e-01 3.286899924278259277e-01
5.713899731636047363e-01 3.481400012969970703e-01
5.415400266647338867e-01 3.107599914073944092e-01
5.475999712944030762e-01 3.171800076961517334e-01
5.561299920082092285e-01 4.404700100421905518e-01
5.602800250053405762e-01 4.562999904155731201e-01
4.248499870300292969e-01 3.151699900627136230e-01
4.295000135898590088e-01 3.199099898338317871e-01
4.275499880313873291e-01 3.284299969673156738e-01
5.917099714279174805e-01 2.151300013065338135e-01
5.889199972152709961e-01 2.184199988842010498e-01
5.868800282478332520e-01 2.196200042963027954e-01
5.855200290679931641e-01 2.228800058364868164e-01
5.837500095367431641e-01 2.252099961042404175e-01
4.702599942684173584e-01 3.064300119876861572e-01
4.718100130558013916e-01 3.108400106430053711e-01
4.738599956035614014e-01 3.107900023460388184e-01
4.732100069522857666e-01 3.126600086688995361e-01
4.733099937438964844e-01 3.131499886512756348e-01
4.720300137996673584e-01 3.129299879074096680e-01
4.711700081825256348e-01 3.131099939346313477e-01
4.715600013732910156e-01 3.110699951648712158e-01
4.404399991035461426e-01 2.680200040340423584e-01
4.433700144290924072e-01 2.675200104713439941e-01
4.890300035476684570e-01 1.430300027132034302e-01
4.889200031757354736e-01 1.434900015592575073e-01
4.889200031757354736e-01 1.431300044059753418e-01
4.887700080871582031e-01 1.441199928522109985e-01
4.950299859046936035e-01 4.603299871087074280e-02
5.302199721336364746e-01 1.042900010943412781e-01
5.303400158882141113e-01 1.041999980807304382e-01
5.442900061607360840e-01 1.286900043487548828e-01
3.961600065231323242e-01 2.090799957513809204e-01
4.684000015258789062e-01 3.253099918365478516e-01
4.716899991035461426e-01 3.333599865436553955e-01
4.792999923229217529e-01 3.234300017356872559e-01
4.576599895954132080e-01 3.101300001144409180e-01
4.602699875831604004e-01 3.117600083351135254e-01
5.641899704933166504e-01 3.044100105762481689e-01
5.935900211334228516e-01 3.611199855804443359e-01
5.955100059509277344e-01 3.440699875354766846e-01
2.839899957180023193e-01 1.496399939060211182e-01
2.772099971771240234e-01 1.436800062656402588e-01
2.815600037574768066e-01 1.453000009059906006e-01
2.745200097560882568e-01 1.424500048160552979e-01
2.763400077819824219e-01 1.434399932622909546e-01
2.986100018024444580e-01 1.668899953365325928e-01
2.963300049304962158e-01 1.567000001668930054e-01
2.976100146770477295e-01 1.586000025272369385e-01
2.976900041103363037e-01 1.562999933958053589e-01
3.045099973678588867e-01 1.637299954891204834e-01
3.173899948596954346e-01 1.661600023508071899e-01
3.546099960803985596e-01 1.933799982070922852e-01
5.012300014495849609e-01 1.019299983978271484e+00
4.983699917793273926e-01 1.014099955558776855e+00
4.966300129890441895e-01 1.013700008392333984e+00
4.962800145149230957e-01 1.016100049018859863e+00
4.974400103092193604e-01 1.018499970436096191e+00
4.997600018978118896e-01 1.018599987030029297e+00
5.009700059890747070e-01 1.017300009727478027e+00
4.983600080013275146e-01 1.015900015830993652e+00
4.902400076389312744e-01 1.015799999237060547e+00
4.834899902343750000e-01 1.017300009727478027e+00
4.056800007820129395e-01 9.435399770736694336e-01
4.048399925231933594e-01 9.435899853706359863e-01
4.023500084877014160e-01 9.418900012969970703e-01
4.032700061798095703e-01 9.409599900245666504e-01
1.929000020027160645e-01 9.211000204086303711e-01
1.262499988079071045e-01 9.233800172805786133e-01
9.786699712276458740e-02 9.200099706649780273e-01
3.247599899768829346e-01 1.014799952507019043e+00
4.808500111103057861e-01 9.521099925041198730e-01
5.084000229835510254e-01 9.468200206756591797e-01
5.048800110816955566e-01 9.481099843978881836e-01
4.769900143146514893e-01 9.659900069236755371e-01
5.511999726295471191e-01 3.789499998092651367e-01
4.941999912261962891e-01 4.104500114917755127e-01
4.953599870204925537e-01 4.050900042057037354e-01
4.963999986648559570e-01 4.050799906253814697e-01
5.702000260353088379e-01 3.824400007724761963e-01
5.581700205802917480e-01 3.909600079059600830e-01
5.571200251579284668e-01 3.856700062751770020e-01
5.576900243759155273e-01 3.867000043392181396e-01
5.583699941635131836e-01 3.831399977207183838e-01
5.657500028610229492e-01 3.753300011157989502e-01
5.762199759483337402e-01 3.787400126457214355e-01
5.773599743843078613e-01 3.801200091838836670e-01
5.666099786758422852e-01 3.959400057792663574e-01
5.678099989891052246e-01 3.939799964427947998e-01
5.669299960136413574e-01 3.941499888896942139e-01
5.671899914741516113e-01 3.947499990463256836e-01
5.079699754714965820e-01 4.433499872684478760e-01
5.785199999809265137e-01 3.307600021362304688e-01
5.847499966621398926e-01 3.038499951362609863e-01
5.821099877357482910e-01 3.088099956512451172e-01
5.634300112724304199e-01 3.389900028705596924e-01
5.591700077056884766e-01 3.387399911880493164e-01
4.906100034713745117e-01 3.725000023841857910e-01
4.930100142955780029e-01 3.707199990749359131e-01
4.935899972915649414e-01 3.686499893665313721e-01
5.071099996566772461e-01 3.651100099086761475e-01
5.072799921035766602e-01 3.655700087547302246e-01
5.076199769973754883e-01 3.601000010967254639e-01
5.143799781799316406e-01 3.656899929046630859e-01
5.411199927330017090e-01 3.591600060462951660e-01
5.420399904251098633e-01 3.598200082778930664e-01
5.450099706649780273e-01 3.577800095081329346e-01
5.481399893760681152e-01 3.542799949645996094e-01
5.481600165367126465e-01 3.545799851417541504e-01
5.491200089454650879e-01 3.552199900150299072e-01
5.492200255393981934e-01 3.577400147914886475e-01
4.722099900245666504e-01 4.415600001811981201e-01
4.607799947261810303e-01 4.490300118923187256e-01
4.692099988460540771e-01 4.398800134658813477e-01
5.177299976348876953e-01 3.905600011348724365e-01
5.367500185966491699e-01 3.885900080204010010e-01
5.446599721908569336e-01 3.912599980831146240e-01
5.443199872970581055e-01 3.844299912452697754e-01
5.710300207138061523e-01 3.513100147247314453e-01
6.662999987602233887e-01 6.284199953079223633e-01
5.897700190544128418e-01 6.144099831581115723e-01
5.936400294303894043e-01 6.289499998092651367e-01
5.935699939727783203e-01 6.285600066184997559e-01
5.935099720954895020e-01 6.283100247383117676e-01
5.939199924468994141e-01 6.277800202369689941e-01
3.980799913406372070e-01 5.822299718856811523e-01
3.998500108718872070e-01 5.843700170516967773e-01
4.001399874687194824e-01 5.872600078582763672e-01
4.263400137424468994e-01 5.969200134277343750e-01
4.265899956226348877e-01 5.989099740982055664e-01
4.256600141525268555e-01 6.007599830627441406e-01
4.266600012779235840e-01 6.243900060653686523e-01
4.271799921989440918e-01 6.286900043487548828e-01
4.635599851608276367e-01 6.463099718093872070e-01
4.636200070381164551e-01 6.467700004577636719e-01
4.420599937438964844e-01 6.401399970054626465e-01
4.417900145053863525e-01 6.402999758720397949e-01
4.416700005531311035e-01 6.399599909782409668e-01
4.419800043106079102e-01 6.396800279617309570e-01
4.416100084781646729e-01 6.396300196647644043e-01
4.412400126457214355e-01 6.405299901962280273e-01
4.751000106334686279e-01 6.079599857330322266e-01
4.771699905395507812e-01 6.075099706649780273e-01
4.706900119781494141e-01 6.710399985313415527e-01
4.759599864482879639e-01 6.693500280380249023e-01
4.757499992847442627e-01 6.696199774742126465e-01
4.755499958992004395e-01 6.698899865150451660e-01
4.880900084972381592e-01 6.184099912643432617e-01
5.110200047492980957e-01 6.291400194168090820e-01
5.125200152397155762e-01 6.253799796104431152e-01
5.120599865913391113e-01 6.235899925231933594e-01
5.132600069046020508e-01 6.276199817657470703e-01
5.153399705886840820e-01 6.288800239562988281e-01
4.649299979209899902e-01 6.818199753761291504e-01
4.899699985980987549e-01 7.169499993324279785e-01
4.905700087547302246e-01 7.130900025367736816e-01
4.891000092029571533e-01 7.148699760437011719e-01
4.910399913787841797e-01 7.156699895858764648e-01
4.914500117301940918e-01 7.160099744796752930e-01
4.947299957275390625e-01 7.164800167083740234e-01
4.943299889564514160e-01 7.154099941253662109e-01
4.994400143623352051e-01 7.073799967765808105e-01
5.040599703788757324e-01 7.008900046348571777e-01
4.751699864864349365e-01 3.421700000762939453e-01
5.229200124740600586e-01 2.157099992036819458e-01
5.214899778366088867e-01 2.151499986648559570e-01
5.204499959945678711e-01 2.227199971675872803e-01
5.292500257492065430e-01 2.221200019121170044e-01
4.704999923706054688e-01 3.567099869251251221e-01
4.706000089645385742e-01 3.627699911594390869e-01
4.753299951553344727e-01 3.435400128364562988e-01
4.733000099658966064e-01 3.477700054645538330e-01
4.760000109672546387e-01 3.399200141429901123e-01
4.751400053501129150e-01 3.409200012683868408e-01
4.758000075817108154e-01 3.436399996280670166e-01
4.746600091457366943e-01 3.416300117969512939e-01
4.749599993228912354e-01 3.435400128364562988e-01
4.794200062751770020e-01 3.621200025081634521e-01
4.798699915409088135e-01 3.632499873638153076e-01
4.832600057125091553e-01 3.593800067901611328e-01
4.841600060462951660e-01 3.591499924659729004e-01
4.840900003910064697e-01 3.601500093936920166e-01
4.839400053024291992e-01 3.622899949550628662e-01
4.845699965953826904e-01 3.633599877357482910e-01
4.934400022029876709e-01 3.313600122928619385e-01
5.712699890136718750e-01 4.215500056743621826e-01
5.727199912071228027e-01 4.261899888515472412e-01
5.884100198745727539e-01 4.518100023269653320e-01
5.195699930191040039e-01 4.682199954986572266e-01
5.206099748611450195e-01 4.711799919605255127e-01
5.605599880218505859e-01 4.296199977397918701e-01
5.832599997520446777e-01 4.391300082206726074e-01
5.836200118064880371e-01 4.397799968719482422e-01
5.839700102806091309e-01 4.401000142097473145e-01
5.856199860572814941e-01 4.427700042724609375e-01
5.907999873161315918e-01 4.577099978923797607e-01
5.959699749946594238e-01 4.979400038719177246e-01
5.877000093460083008e-01 4.708400070667266846e-01
5.157099962234497070e-01 4.440799951553344727e-01
5.170999765396118164e-01 4.412499964237213135e-01
5.608100295066833496e-01 3.873899877071380615e-01
5.608500242233276367e-01 3.881900012493133545e-01
5.620499849319458008e-01 3.911600112915039062e-01
5.608999729156494141e-01 3.898699879646301270e-01
5.629699826240539551e-01 3.883799910545349121e-01
5.646899938583374023e-01 3.860299885272979736e-01
5.692200064659118652e-01 4.144099950790405273e-01
3.913300037384033203e-01 6.864299774169921875e-01
3.934800028800964355e-01 6.869400143623352051e-01
3.950499892234802246e-01 6.887500286102294922e-01
4.067899882793426514e-01 7.014600038528442383e-01
5.577800273895263672e-01 4.871599972248077393e-01
5.522400140762329102e-01 5.131199955940246582e-01
5.191199779510498047e-01 5.332700014114379883e-01
3.023200035095214844e-01 5.363199710845947266e-01
2.744100093841552734e-01 5.623499751091003418e-01
2.665899991989135742e-01 5.975999832153320312e-01
2.669999897480010986e-01 5.984500050544738770e-01
5.064100027084350586e-01 3.546200096607208252e-01
4.855499863624572754e-01 3.901599943637847900e-01
4.859899878501892090e-01 3.915700018405914307e-01
4.855099916458129883e-01 3.911899924278259277e-01
4.855200052261352539e-01 3.921400010585784912e-01
4.855400025844573975e-01 3.936899900436401367e-01
4.935899972915649414e-01 4.060800075531005859e-01
4.004999995231628418e-01 6.534000039100646973e-01
3.951399922370910645e-01 6.630399823188781738e-01
3.875699937343597412e-01 6.776999831199645996e-01
3.913199901580810547e-01 6.833500266075134277e-01
3.118200041353702545e-02 7.309100031852722168e-01
3.074900060892105103e-02 7.355999946594238281e-01
3.051799908280372620e-02 7.358899712562561035e-01
2.061800062656402588e-01 6.943200230598449707e-01
7.710199803113937378e-02 8.165400028228759766e-01
6.913899630308151245e-02 8.452200293540954590e-01
7.244899868965148926e-02 8.017299771308898926e-01
6.954299658536911011e-02 8.115500211715698242e-01
8.635400235652923584e-02 7.551299929618835449e-01
9.681999683380126953e-02 7.004399895668029785e-01
9.429500252008438110e-02 6.932799816131591797e-01
9.267800301313400269e-02 6.974300146102905273e-01
9.152799844741821289e-02 6.968500018119812012e-01
9.119000285863876343e-02 6.974300146102905273e-01
8.475299924612045288e-02 6.980699896812438965e-01
8.850499987602233887e-02 6.961299777030944824e-01
7.424400001764297485e-02 7.052999734878540039e-01
1.085600033402442932e-01 6.892600059509277344e-01
2.120900005102157593e-01 6.445099711418151855e-01
2.116000056266784668e-01 6.483399868011474609e-01
2.090699970722198486e-01 6.258400082588195801e-01
2.295500040054321289e-01 5.964800119400024414e-01
4.835900068283081055e-01 3.721199929714202881e-01
5.150099992752075195e-01 3.294799923896789551e-01
5.122600197792053223e-01 3.336899876594543457e-01
5.114899873733520508e-01 3.334499895572662354e-01
4.715000092983245850e-01 3.438799977302551270e-01
4.731700122356414795e-01 3.453699946403503418e-01
4.736399948596954346e-01 3.434999883174896240e-01
4.692400097846984863e-01 3.459199965000152588e-01
4.643000066280364990e-01 3.476899862289428711e-01
4.693999886512756348e-01 3.506700098514556885e-01
5.749599933624267578e-01 3.677799999713897705e-01
5.663999915122985840e-01 3.741999864578247070e-01
5.622100234031677246e-01 3.754799962043762207e-01
5.598599910736083984e-01 3.759100139141082764e-01
5.066099762916564941e-01 3.703199923038482666e-01
3.932400047779083252e-01 3.655500113964080811e-01
4.214800000190734863e-01 3.578400015830993652e-01
4.498899877071380615e-01 3.516100049018859863e-01
4.623900055885314941e-01 3.495599925518035889e-01
4.709399938583374023e-01 3.567099869251251221e-01
4.862700104713439941e-01 3.731400072574615479e-01
4.849700033664703369e-01 3.723399937152862549e-01
5.404199957847595215e-01 8.039600253105163574e-01
5.404199957847595215e-01 8.064000010490417480e-01
5.373200178146362305e-01 8.205299973487854004e-01
5.368899703025817871e-01 8.226500153541564941e-01
5.354999899864196777e-01 8.202000260353088379e-01
5.415300130844116211e-01 8.178700208663940430e-01
5.425999760627746582e-01 8.160600066184997559e-01
5.538600087165832520e-01 7.638199925422668457e-01
5.543299913406372070e-01 7.637500166893005371e-01
5.549200177192687988e-01 7.647699713706970215e-01
5.556399822235107422e-01 7.658200263977050781e-01
5.562999844551086426e-01 7.688599824905395508e-01
5.570300221443176270e-01 7.684599757194519043e-01
5.571200251579284668e-01 7.710499763488769531e-01
5.538100004196166992e-01 8.000199794769287109e-01
5.526400208473205566e-01 7.978500127792358398e-01
5.512599945068359375e-01 7.959100008010864258e-01
5.510699748992919922e-01 7.922400236129760742e-01
5.552899837493896484e-01 7.768999934196472168e-01
5.576599836349487305e-01 7.634999752044677734e-01
5.502499938011169434e-01 7.585999965667724609e-01
5.403100252151489258e-01 8.012700080871582031e-01
4.793800115585327148e-01 5.932700037956237793e-01
4.820800125598907471e-01 5.980200171470642090e-01
4.826300144195556641e-01 5.975999832153320312e-01
2.310999929904937744e-01 5.917199850082397461e-01
2.302100062370300293e-01 5.876600146293640137e-01
2.294799983501434326e-01 5.866600275039672852e-01
2.317000031471252441e-01 5.817800164222717285e-01
2.304300069808959961e-01 5.721799731254577637e-01
2.362599968910217285e-01 5.756800174713134766e-01
3.160200119018554688e-01 6.285200119018554688e-01
3.945800065994262695e-01 6.793900132179260254e-01
4.114699959754943848e-01 6.810299754142761230e-01
4.079200029373168945e-01 6.803500056266784668e-01
4.626100063323974609e-01 7.814599871635437012e-01
4.547300040721893311e-01 7.775700092315673828e-01
4.495300054550170898e-01 7.803800106048583984e-01
4.537200033664703369e-01 5.439299941062927246e-01
4.512499868869781494e-01 5.439000129699707031e-01
4.720000028610229492e-01 5.363600254058837891e-01
4.776900112628936768e-01 5.398300290107727051e-01
4.797500073909759521e-01 5.341100096702575684e-01
4.752300083637237549e-01 5.749499797821044922e-01
5.295299887657165527e-01 5.405600070953369141e-01
5.269399881362915039e-01 5.358899831771850586e-01
5.114700198173522949e-01 5.053799748420715332e-01
5.115100145339965820e-01 5.028600096702575684e-01
5.587900280952453613e-01 5.105599761009216309e-01
3.874700069427490234e-01 5.682200193405151367e-01
2.870100140571594238e-01 6.812499761581420898e-01
3.973900079727172852e-01 4.260599911212921143e-01
3.831300139427185059e-01 1.719100028276443481e-01
4.947400093078613281e-01 1.697500050067901611e-01
6.503199934959411621e-01 1.450999975204467773e-01
4.677500128746032715e-01 3.509899973869323730e-01
4.006499946117401123e-01 5.098199844360351562e-01
5.451400279998779297e-01 2.364600002765655518e-01
5.461400151252746582e-01 2.309200018644332886e-01
5.492900013923645020e-01 3.375099897384643555e-01
5.794699788093566895e-01 3.071100115776062012e-01
4.849199950695037842e-01 4.592100083827972412e-01
5.194399952888488770e-01 7.801399827003479004e-01
4.299899935722351074e-01 6.842899918556213379e-01
5.583900213241577148e-01 5.203300118446350098e-01
5.351099967956542969e-01 5.389599800109863281e-01
5.236499905586242676e-01 3.871699869632720947e-01
5.223199725151062012e-01 3.860400021076202393e-01
5.225399732589721680e-01 3.888599872589111328e-01
5.205000042915344238e-01 3.864800035953521729e-01
5.205500125885009766e-01 3.860999941825866699e-01
4.456000030040740967e-01 3.522300124168395996e-01
4.456000030040740967e-01 3.756600022315979004e-01
3.926199972629547119e-01 5.188800096511840820e-01
4.528299868106842041e-01 3.842599987983703613e-01
4.400399923324584961e-01 3.763200044631958008e-01
4.283100068569183350e-01 4.529199898242950439e-01
4.330399930477142334e-01 4.662699997425079346e-01
4.362399876117706299e-01 4.754199981689453125e-01
4.475399851799011230e-01 5.733399987220764160e-01
3.956300020217895508e-01 4.542199969291687012e-01
5.032899975776672363e-01 3.987100124359130859e-01
5.521000027656555176e-01 3.818100094795227051e-01
5.496299862861633301e-01 3.824900090694427490e-01
5.487899780273437500e-01 3.859100043773651123e-01
5.477600097656250000e-01 3.844299912452697754e-01
5.442399978637695312e-01 3.865300118923187256e-01
5.365999937057495117e-01 3.819600045680999756e-01
5.853400230407714844e-01 3.811300098896026611e-01
6.401900053024291992e-01 3.202599883079528809e-01
6.075000166893005371e-01 3.985899984836578369e-01
4.137299954891204834e-01 5.676900148391723633e-01
3.331899940967559814e-01 6.248300075531005859e-01
4.662899971008300781e-01 4.666399955749511719e-01
5.495100021362304688e-01 3.533799946308135986e-01
3.873000144958496094e-01 5.014100074768066406e-01
3.489499986171722412e-01 5.549100041389465332e-01
3.714399933815002441e-01 5.398499965667724609e-01
3.668699860572814941e-01 5.338100194931030273e-01
5.764799714088439941e-01 4.419299960136413574e-01
7.092700004577636719e-01 3.991999924182891846e-01
6.438300013542175293e-01 3.542900085449218750e-01
6.471999883651733398e-01 4.341099858283996582e-01
6.425099968910217285e-01 4.351800084114074707e-01
6.427999734878540039e-01 4.364300072193145752e-01
6.400700211524963379e-01 4.361299872398376465e-01
6.379600167274475098e-01 4.387800097465515137e-01
6.401000022888183594e-01 4.514499902725219727e-01
6.349099874496459961e-01 4.536899924278259277e-01
6.288099884986877441e-01 4.544399976730346680e-01
5.074899792671203613e-01 2.548200078308582306e-02
5.076000094413757324e-01 2.390599995851516724e-02
4.270899891853332520e-01 1.001899987459182739e-01
4.278399944305419922e-01 1.001899987459182739e-01
4.232000112533569336e-01 1.001899987459182739e-01
4.166299998760223389e-01 1.001899987459182739e-01
4.159699976444244385e-01 1.001899987459182739e-01
4.106500148773193359e-01 1.001899987459182739e-01
3.978500068187713623e-01 1.001899987459182739e-01
3.533399999141693115e-01 7.174100279808044434e-01
4.946500062942504883e-01 1.427199989557266235e-01
4.946199953556060791e-01 1.429399996995925903e-01
3.863300085067749023e-01 7.174100279808044434e-01
5.089399814605712891e-01 7.174100279808044434e-01
5.092399716377258301e-01 9.232699871063232422e-02
5.210700035095214844e-01 2.532900078222155571e-03
5.199499726295471191e-01 2.532900078222155571e-03
5.200499892234802246e-01 2.532900078222155571e-03
5.210899710655212402e-01 2.532900078222155571e-03
5.194500088691711426e-01 2.532900078222155571e-03
5.199900269508361816e-01 2.532900078222155571e-03
5.117300152778625488e-01 2.127199992537498474e-02
6.080200076103210449e-01 4.986200109124183655e-02
5.966600179672241211e-01 1.293900012969970703e-01
5.494999885559082031e-01 7.631999999284744263e-02
5.504900217056274414e-01 5.671200156211853027e-02
5.113599896430969238e-01 2.219399958848953247e-01
5.084300041198730469e-01 2.231200039386749268e-01
5.055299997329711914e-01 2.211900055408477783e-01
4.855900108814239502e-01 2.109100073575973511e-01
4.836899936199188232e-01 2.109899967908859253e-01
4.834100008010864258e-01 2.152000069618225098e-01
5.300800204277038574e-01 2.290700003504753113e-02
5.305299758911132812e-01 2.405299991369247437e-02
5.309100151062011719e-01 2.495200000703334808e-02
5.361800193786621094e-01 3.419199958443641663e-02
5.362799763679504395e-01 3.502200171351432800e-02
5.367100238800048828e-01 2.672499977052211761e-02
5.375800132751464844e-01 2.809100039303302765e-02
5.381699800491333008e-01 2.910700067877769470e-02
6.149799823760986328e-01 2.910700067877769470e-02
6.149100065231323242e-01 5.048900097608566284e-02
6.161699891090393066e-01 5.639600008726119995e-02
6.171000003814697266e-01 6.075900048017501831e-02
5.151699781417846680e-01 4.634799957275390625e-01
5.092499852180480957e-01 4.115999937057495117e-01
5.119799971580505371e-01 4.189200103282928467e-01
5.127199888229370117e-01 4.180099964141845703e-01
5.131400227546691895e-01 4.557999968528747559e-01
5.139300227165222168e-01 4.547899961471557617e-01
5.087699890136718750e-01 4.579800069332122803e-01
5.133900046348571777e-01 4.178999960422515869e-01
5.247700214385986328e-01 4.371199905872344971e-01
5.227599740028381348e-01 4.370000064373016357e-01
5.221499800682067871e-01 4.422900080680847168e-01
5.214300155639648438e-01 4.461599886417388916e-01
5.103099942207336426e-01 4.138100147247314453e-01
5.108600258827209473e-01 4.083699882030487061e-01
5.087000131607055664e-01 4.214200079441070557e-01
5.033100247383117676e-01 4.432399868965148926e-01
5.533499717712402344e-01 3.682099878787994385e-01
5.015400052070617676e-01 3.967500030994415283e-01
5.046300292015075684e-01 3.902400135993957520e-01
5.088400244712829590e-01 3.772099912166595459e-01
5.054600238800048828e-01 4.176000058650970459e-01
5.101799964904785156e-01 3.781400024890899658e-01
4.549700021743774414e-01 4.952299892902374268e-01
4.589399993419647217e-01 4.933899939060211182e-01
4.607000052928924561e-01 4.453000128269195557e-01
4.607999920845031738e-01 4.481900036334991455e-01
4.612399935722351074e-01 4.482499957084655762e-01
4.572600126266479492e-01 4.514499902725219727e-01
4.574800133705139160e-01 4.510399997234344482e-01
4.579299986362457275e-01 4.509699940681457520e-01
4.568899869918823242e-01 4.709799885749816895e-01
4.584999978542327881e-01 4.700700044631958008e-01
4.593800008296966553e-01 4.721100032329559326e-01
4.603799879550933838e-01 4.735899865627288818e-01
4.604400098323822021e-01 4.732300043106079102e-01
4.613699913024902344e-01 4.754700064659118652e-01
4.563600122928619385e-01 4.705899953842163086e-01
4.403199851512908936e-01 4.952200055122375488e-01
4.400300085544586182e-01 4.944700002670288086e-01
4.388299882411956787e-01 4.933699965476989746e-01
4.370000064373016357e-01 4.919399917125701904e-01
4.363400042057037354e-01 4.885500073432922363e-01
4.386000037193298340e-01 4.898099899291992188e-01
4.399900138378143311e-01 4.914900064468383789e-01
3.982799947261810303e-01 4.876799881458282471e-01
3.980099856853485107e-01 4.862299859523773193e-01
3.982200026512145996e-01 4.859200119972229004e-01
3.981100022792816162e-01 4.878199994564056396e-01
3.983699977397918701e-01 4.867999851703643799e-01
3.983300030231475830e-01 4.860900044441223145e-01
3.984499871730804443e-01 4.871000051498413086e-01
3.979400098323822021e-01 4.880400002002716064e-01
4.436700046062469482e-01 4.845800101757049561e-01
4.428499937057495117e-01 4.846000075340270996e-01
5.095999836921691895e-01 4.885799884796142578e-01
5.075700283050537109e-01 4.891099929809570312e-01
5.057500004768371582e-01 4.875000119209289551e-01
5.036699771881103516e-01 4.870600104331970215e-01
5.498499870300292969e-01 4.838599860668182373e-01
5.506600141525268555e-01 4.859000146389007568e-01
5.511699914932250977e-01 4.871000051498413086e-01
5.515599846839904785e-01 4.866000115871429443e-01
5.503299832344055176e-01 4.878999888896942139e-01
5.506200194358825684e-01 4.898400008678436279e-01
5.528299808502197266e-01 4.876399934291839600e-01
5.533999800682067871e-01 4.889799952507019043e-01
4.993599951267242432e-01 1.097600013017654419e-01
4.979299902915954590e-01 1.076499968767166138e-01
5.004100203514099121e-01 1.052900031208992004e-01
4.995599985122680664e-01 9.642899781465530396e-02
5.007200241088867188e-01 9.245000034570693970e-02
4.373100101947784424e-01 1.631499975919723511e-01
4.347699880599975586e-01 1.508799940347671509e-01
4.257600009441375732e-01 2.013899981975555420e-01
4.151700139045715332e-01 2.619900107383728027e-01
4.135600030422210693e-01 2.504999935626983643e-01
4.119299948215484619e-01 2.416899949312210083e-01
4.949400126934051514e-01 7.417599856853485107e-02
4.892300069332122803e-01 9.125100076198577881e-02
4.881199896335601807e-01 9.288100153207778931e-02
4.907500147819519043e-01 9.276799857616424561e-02
4.879400134086608887e-01 8.946499973535537720e-02
4.874599874019622803e-01 8.837299793958663940e-02
4.978800117969512939e-01 1.537899971008300781e-01
3.527199923992156982e-01 2.227800041437149048e-01
4.399499893188476562e-01 3.073199987411499023e-01
4.403899908065795898e-01 3.063499927520751953e-01
4.396600127220153809e-01 3.061400055885314941e-01
1.687899976968765259e-01 9.270099997520446777e-01
1.692399978637695312e-01 9.224500060081481934e-01
1.673499941825866699e-01 9.271299839019775391e-01
1.662500053644180298e-01 9.281600117683410645e-01
1.649399995803833008e-01 9.283800125122070312e-01
2.178899943828582764e-01 7.944499850273132324e-01
1.593600064516067505e-01 8.303200006484985352e-01
1.583199948072433472e-01 8.248400092124938965e-01
1.594199985265731812e-01 8.308299779891967773e-01
1.572699993848800659e-01 8.288599848747253418e-01
1.571200042963027954e-01 8.273900151252746582e-01
1.597100049257278442e-01 8.296899795532226562e-01
1.601800024509429932e-01 8.326399922370910645e-01
1.632999926805496216e-01 8.393700122833251953e-01
1.644400060176849365e-01 8.371599912643432617e-01
1.724700033664703369e-01 8.250399827957153320e-01
1.725700050592422485e-01 8.259400129318237305e-01
1.627600044012069702e-01 8.303599953651428223e-01
1.600300073623657227e-01 8.291299939155578613e-01
1.618199944496154785e-01 8.343799710273742676e-01
1.453499943017959595e-01 7.985699772834777832e-01
1.261599957942962646e-01 9.399200081825256348e-01
5.491600036621093750e-01 3.157300055027008057e-01
5.480300188064575195e-01 3.099499940872192383e-01
5.543699860572814941e-01 2.989099919795989990e-01
5.601099729537963867e-01 2.892700135707855225e-01
6.189399957656860352e-01 4.056600034236907959e-01
6.223599910736083984e-01 4.005100131034851074e-01
5.355299711227416992e-01 2.866399884223937988e-01
5.363699793815612793e-01 2.989900112152099609e-01
5.377900004386901855e-01 3.031699955463409424e-01
5.389299988746643066e-01 2.996000051498413086e-01
5.404300093650817871e-01 3.039700090885162354e-01
5.419899821281433105e-01 2.988399863243103027e-01
5.469099879264831543e-01 2.844299972057342529e-01
5.959100127220153809e-01 3.281700015068054199e-01
6.006100177764892578e-01 3.329200148582458496e-01
6.060600280761718750e-01 3.068099915981292725e-01
6.036900281906127930e-01 3.225300014019012451e-01
5.150499939918518066e-01 3.634999990463256836e-01
5.229799747467041016e-01 3.608199954032897949e-01
5.435400009155273438e-01 3.144800066947937012e-01
5.432999730110168457e-01 3.072400093078613281e-01
5.471500158309936523e-01 3.128699958324432373e-01
5.698199868202209473e-01 3.060100078582763672e-01
5.588999986648559570e-01 2.987900078296661377e-01
5.487800240516662598e-01 3.112399876117706299e-01
5.383700132369995117e-01 2.981500029563903809e-01
3.017500042915344238e-01 2.893800139427185059e-01
5.673800110816955566e-01 4.425399899482727051e-01
5.708299875259399414e-01 4.511500000953674316e-01
5.650900006294250488e-01 4.501900076866149902e-01
5.638399720191955566e-01 4.492599964141845703e-01
5.627700090408325195e-01 4.499999880790710449e-01
5.659400224685668945e-01 4.431900084018707275e-01
5.644000172615051270e-01 4.430100023746490479e-01
4.787899851799011230e-01 3.769100010395050049e-01
4.424799978733062744e-01 4.335300028324127197e-01
5.126799941062927246e-01 3.442299962043762207e-01
5.101299881935119629e-01 3.403800129890441895e-01
5.105999708175659180e-01 3.453800082206726074e-01
5.077999830245971680e-01 3.410699963569641113e-01
5.078399777412414551e-01 3.389399945735931396e-01
5.078600049018859863e-01 3.392300009727478027e-01
5.071499943733215332e-01 3.385300040245056152e-01
5.078099966049194336e-01 3.350499868392944336e-01
5.441799759864807129e-01 3.534399867057800293e-01
5.438100099563598633e-01 3.566899895668029785e-01
5.434100031852722168e-01 3.516899943351745605e-01
5.432000160217285156e-01 3.499000072479248047e-01
5.429900288581848145e-01 3.513100147247314453e-01
5.425999760627746582e-01 3.523600101470947266e-01
5.421500205993652344e-01 3.526799976825714111e-01
5.419099926948547363e-01 3.520300090312957764e-01
5.413200259208679199e-01 3.529700040817260742e-01
5.404899716377258301e-01 3.584800064563751221e-01
5.406699776649475098e-01 3.595399856567382812e-01
5.402200222015380859e-01 3.568499982357025146e-01
5.396500229835510254e-01 3.538900017738342285e-01
5.393099784851074219e-01 3.550899922847747803e-01
5.387300252914428711e-01 3.600099980831146240e-01
5.384399890899658203e-01 3.606199920177459717e-01
5.384899973869323730e-01 3.573400080204010010e-01
5.596200227737426758e-01 3.451899886131286621e-01
5.524299740791320801e-01 3.400399982929229736e-01
5.525000095367431641e-01 3.366400003433227539e-01
5.515199899673461914e-01 3.340699970722198486e-01
5.513899922370910645e-01 3.378700017929077148e-01
5.313699841499328613e-01 8.171700239181518555e-01
5.318999886512756348e-01 8.192899823188781738e-01
5.420100092887878418e-01 8.109599947929382324e-01
5.423899888992309570e-01 8.105499744415283203e-01
5.415599942207336426e-01 8.153600096702575684e-01
5.431200265884399414e-01 8.176299929618835449e-01
5.134000182151794434e-01 4.810200035572052002e-01
5.123800039291381836e-01 4.991399943828582764e-01
5.128499865531921387e-01 5.004299879074096680e-01
5.122799873352050781e-01 5.036000013351440430e-01
5.429800152778625488e-01 4.884699881076812744e-01
3.816800117492675781e-01 5.092999935150146484e-01
3.839600086212158203e-01 5.135099887847900391e-01
3.861699998378753662e-01 5.151100158691406250e-01
4.641999900341033936e-01 4.764100015163421631e-01
4.638899862766265869e-01 4.790500104427337646e-01
4.648700058460235596e-01 4.855799973011016846e-01
4.645000100135803223e-01 4.929400086402893066e-01
4.654900133609771729e-01 5.030699968338012695e-01
4.645699858665466309e-01 5.087000131607055664e-01
4.652599990367889404e-01 5.142899751663208008e-01
5.628899931907653809e-01 5.718500018119812012e-01
