2.956756651401519775e-01 9.576460123062133789e-01
2.995854616165161133e-01 9.584666490554809570e-01
2.989215552806854248e-01 9.583508968353271484e-01
1.875307857990264893e-01 6.144790649414062500e-01
2.970994412899017334e-01 9.580601453781127930e-01
3.097037971019744873e-01 9.597349166870117188e-01
2.965416610240936279e-01 9.578609466552734375e-01
1.921718418598175049e-01 6.173074245452880859e-01
2.978946268558502197e-01 9.581731557846069336e-01
3.026311099529266357e-01 9.591856002807617188e-01
3.004200458526611328e-01 9.586073160171508789e-01
3.041556179523468018e-01 9.592410326004028320e-01
2.487272024154663086e-01 9.383510351181030273e-01
2.502242922782897949e-01 9.360266923904418945e-01
2.457729279994964600e-01 8.204965591430664062e-01
2.466326951980590820e-01 8.111404180526733398e-01
2.460786402225494385e-01 8.936467170715332031e-01
2.497847676277160645e-01 9.055225849151611328e-01
2.456639111042022705e-01 9.060337543487548828e-01
2.832842469215393066e-01 9.367848634719848633e-01
2.836747765541076660e-01 9.404736757278442383e-01
2.847336232662200928e-01 9.400087594985961914e-01
4.954189360141754150e-01 6.733255386352539062e-01
4.937636554241180420e-01 6.734483242034912109e-01
4.933720529079437256e-01 6.734738349914550781e-01
4.997940361499786377e-01 6.724723577499389648e-01
4.930665194988250732e-01 6.734532117843627930e-01
4.609853327274322510e-01 7.056920528411865234e-01
4.935288727283477783e-01 6.734617948532104492e-01
4.962447583675384521e-01 6.731311082839965820e-01
4.957430660724639893e-01 6.732640266418457031e-01
4.956598579883575439e-01 6.732562780380249023e-01
4.945400655269622803e-01 6.734064817428588867e-01
4.626757204532623291e-01 7.495592832565307617e-01
4.567051231861114502e-01 7.581789493560791016e-01
4.638496339321136475e-01 7.505377531051635742e-01
4.591238200664520264e-01 7.549910545349121094e-01
4.696095883846282959e-01 7.477586269378662109e-01
5.167008042335510254e-01 6.705307960510253906e-01
5.289138555526733398e-01 6.652414798736572266e-01
5.287675857543945312e-01 6.624194383621215820e-01
5.304314494132995605e-01 6.552106142044067383e-01
5.344331264495849609e-01 6.439152956008911133e-01
5.457143187522888184e-01 5.844115018844604492e-01
4.880371391773223877e-01 3.777780234813690186e-01
4.890967309474945068e-01 3.720131218433380127e-01
4.334920346736907959e-01 4.451871812343597412e-01
4.335742890834808350e-01 4.452985823154449463e-01
4.338631331920623779e-01 4.453488290309906006e-01
4.359529316425323486e-01 4.489147365093231201e-01
4.336815178394317627e-01 4.453788101673126221e-01
4.351407587528228760e-01 4.470988214015960693e-01
4.334842264652252197e-01 4.451289474964141846e-01
4.353885948657989502e-01 4.469709694385528564e-01
4.346599280834197998e-01 4.451349079608917236e-01
4.324321448802947998e-01 4.548493325710296631e-01
4.382134377956390381e-01 4.442417323589324951e-01
4.300586879253387451e-01 4.616943299770355225e-01
4.325157701969146729e-01 4.505446255207061768e-01
4.752384126186370850e-01 4.045949876308441162e-01
4.721894562244415283e-01 4.040544331073760986e-01
4.744171798229217529e-01 3.999933302402496338e-01
4.824887216091156006e-01 4.024963080883026123e-01
4.563655555248260498e-01 4.007031619548797607e-01
4.675936996936798096e-01 3.910236656665802002e-01
4.894330799579620361e-01 3.718654811382293701e-01
5.676320195198059082e-01 4.167938530445098877e-01
5.626136660575866699e-01 4.199217855930328369e-01
5.642244815826416016e-01 4.191668927669525146e-01
5.330800414085388184e-01 4.205301702022552490e-01
5.308482050895690918e-01 4.217141568660736084e-01
5.307547450065612793e-01 4.180441200733184814e-01
5.342475175857543945e-01 4.115795791149139404e-01
5.318943262100219727e-01 4.148367941379547119e-01
5.299102067947387695e-01 4.146992266178131104e-01
5.308955311775207520e-01 4.175101816654205322e-01
5.315644741058349609e-01 3.884848058223724365e-01
5.299420952796936035e-01 3.845238387584686279e-01
5.304062962532043457e-01 3.908347189426422119e-01
5.292170047760009766e-01 3.915223181247711182e-01
5.277512073516845703e-01 4.165561497211456299e-01
5.415586233139038086e-01 3.995837867259979248e-01
5.406353473663330078e-01 3.986844718456268311e-01
5.459602475166320801e-01 3.947024643421173096e-01
5.474337339401245117e-01 3.906950056552886963e-01
5.626111030578613281e-01 4.199234545230865479e-01
5.804488062858581543e-01 3.560869991779327393e-01
5.809288024902343750e-01 3.514616787433624268e-01
4.709533751010894775e-01 3.003935217857360840e-01
4.713810980319976807e-01 3.011407852172851562e-01
4.726881086826324463e-01 3.033504188060760498e-01
4.729953706264495850e-01 3.039159774780273438e-01
4.710194766521453857e-01 3.005155026912689209e-01
4.730965793132781982e-01 3.041087090969085693e-01
4.741872251033782959e-01 3.083946108818054199e-01
5.558742880821228027e-01 2.750208079814910889e-01
5.549435019493103027e-01 2.789617478847503662e-01
4.540526568889617920e-01 2.823332250118255615e-01
4.536143243312835693e-01 2.920145094394683838e-01
4.556836783885955811e-01 2.843629419803619385e-01
4.878447353839874268e-01 2.952506244182586670e-01
4.853635132312774658e-01 2.966018319129943848e-01
4.840838611125946045e-01 2.938012778759002686e-01
4.863571226596832275e-01 2.990486323833465576e-01
4.794499576091766357e-01 3.034911155700683594e-01
4.467451274394989014e-01 2.916116714477539062e-01
4.446456134319305420e-01 2.907204627990722656e-01
4.532194435596466064e-01 2.892064452171325684e-01
4.525090754032135010e-01 2.899957001209259033e-01
4.519909918308258057e-01 2.899773120880126953e-01
4.989353716373443604e-01 3.390869200229644775e-01
5.018355250358581543e-01 3.310407102108001709e-01
5.071087479591369629e-01 3.239380717277526855e-01
5.115357041358947754e-01 3.184614777565002441e-01
5.122863650321960449e-01 3.084898293018341064e-01
5.111091136932373047e-01 3.159871697425842285e-01
5.075143575668334961e-01 3.122977316379547119e-01
5.087808370590209961e-01 3.093732297420501709e-01
5.108845829963684082e-01 3.103303611278533936e-01
5.094727873802185059e-01 3.114522993564605713e-01
5.113197565078735352e-01 3.128573000431060791e-01
5.073764920234680176e-01 3.087582886219024658e-01
5.070873498916625977e-01 3.081553280353546143e-01
5.082429647445678711e-01 3.114862143993377686e-01
5.085418820381164551e-01 3.111212253570556641e-01
5.089117884635925293e-01 3.008766174316406250e-01
5.124723315238952637e-01 3.043040335178375244e-01
4.998029768466949463e-01 2.858385443687438965e-01
4.975803792476654053e-01 2.819667756557464600e-01
4.966897070407867432e-01 2.811103761196136475e-01
4.980731904506683350e-01 2.785401940345764160e-01
4.985757768154144287e-01 2.738485932350158691e-01
5.173358917236328125e-01 6.095128059387207031e-01
5.191302895545959473e-01 6.092830896377563477e-01
5.184659361839294434e-01 6.093940734863281250e-01
5.179316997528076172e-01 6.095013618469238281e-01
4.944485723972320557e-01 6.141288280487060547e-01
4.955877959728240967e-01 6.161403656005859375e-01
5.393236279487609863e-01 6.657315492630004883e-01
5.430370569229125977e-01 6.751773357391357422e-01
5.426984429359436035e-01 6.890605688095092773e-01
5.393107533454895020e-01 6.895115375518798828e-01
5.417338609695434570e-01 6.853896379470825195e-01
5.129486322402954102e-01 6.506868600845336914e-01
5.077497959136962891e-01 6.509824991226196289e-01
5.084883570671081543e-01 6.405113935470581055e-01
5.080452561378479004e-01 6.399350166320800781e-01
5.078452825546264648e-01 6.364660263061523438e-01
5.080785751342773438e-01 6.360287666320800781e-01
5.030477643013000488e-01 6.452174186706542969e-01
5.042911171913146973e-01 6.401282548904418945e-01
5.097011327743530273e-01 6.748535633087158203e-01
5.615558028221130371e-01 6.113073825836181641e-01
5.175698399543762207e-01 6.094872951507568359e-01
3.564332127571105957e-01 4.335748851299285889e-01
3.528851568698883057e-01 4.298860728740692139e-01
3.528232872486114502e-01 4.298329055309295654e-01
3.528258800506591797e-01 4.300408065319061279e-01
3.522623777389526367e-01 4.295909702777862549e-01
4.495284855365753174e-01 3.551548421382904053e-01
4.242258965969085693e-01 3.712343871593475342e-01
4.811498224735260010e-01 3.694540560245513916e-01
4.746547639369964600e-01 3.815259039402008057e-01
5.204139947891235352e-01 4.183453619480133057e-01
5.252935290336608887e-01 4.299487769603729248e-01
5.200380086898803711e-01 4.277854859828948975e-01
5.213266015052795410e-01 4.255461394786834717e-01
5.224203467369079590e-01 4.313076436519622803e-01
5.218275189399719238e-01 4.311726987361907959e-01
5.205044746398925781e-01 4.310577809810638428e-01
4.650084078311920166e-01 3.368266224861145020e-01
4.760783612728118896e-01 3.315844833850860596e-01
4.779522716999053955e-01 3.291660845279693604e-01
4.837056696414947510e-01 3.266066610813140869e-01
4.739830791950225830e-01 3.363292515277862549e-01
4.522261321544647217e-01 3.485195338726043701e-01
5.527102947235107422e-01 6.764268875122070312e-01
5.469231605529785156e-01 6.787332296371459961e-01
5.476288199424743652e-01 6.785460710525512695e-01
5.791710019111633301e-01 7.163724899291992188e-01
5.848693251609802246e-01 6.986517906188964844e-01
5.528086423873901367e-01 7.042145729064941406e-01
5.489719510078430176e-01 7.035490274429321289e-01
5.554263591766357422e-01 7.001067399978637695e-01
5.484585762023925781e-01 6.972224712371826172e-01
5.531209707260131836e-01 7.031974792480468750e-01
5.552423596382141113e-01 6.974636316299438477e-01
5.602068901062011719e-01 7.115267515182495117e-01
5.651338100433349609e-01 7.037929296493530273e-01
5.657219290733337402e-01 7.037780284881591797e-01
5.649350285530090332e-01 6.990957260131835938e-01
5.544927120208740234e-01 7.161333560943603516e-01
5.558469295501708984e-01 7.155473232269287109e-01
5.544370412826538086e-01 7.144515514373779297e-01
5.579698085784912109e-01 7.061415910720825195e-01
5.574896335601806641e-01 7.004859447479248047e-01
5.575237274169921875e-01 7.011314630508422852e-01
5.592916607856750488e-01 6.984392404556274414e-01
5.043163299560546875e-01 3.596645295619964600e-01
4.845677912235260010e-01 3.780144155025482178e-01
4.871660768985748291e-01 3.769553601741790771e-01
4.856249392032623291e-01 3.776495158672332764e-01
4.852630794048309326e-01 3.778187334537506104e-01
4.909991323947906494e-01 3.748451173305511475e-01
4.850440919399261475e-01 3.778555691242218018e-01
4.857365190982818604e-01 3.776484429836273193e-01
4.858231842517852783e-01 3.776285350322723389e-01
4.884361326694488525e-01 4.334509074687957764e-01
4.883489906787872314e-01 4.332513511180877686e-01
4.846450388431549072e-01 4.559818208217620850e-01
4.835751950740814209e-01 4.510948956012725830e-01
4.883486926555633545e-01 4.333048760890960693e-01
4.832049906253814697e-01 4.647534787654876709e-01
4.862584769725799561e-01 4.679994881153106689e-01
4.596727788448333740e-01 3.180559873580932617e-01
4.538855254650115967e-01 3.130844235420227051e-01
4.664621055126190186e-01 3.206622004508972168e-01
4.754345715045928955e-01 3.244837224483489990e-01
4.757582247257232666e-01 3.275089859962463379e-01
4.901831448078155518e-01 3.292681276798248291e-01
5.432320237159729004e-01 2.831188738346099854e-01
5.470930933952331543e-01 2.868717014789581299e-01
5.472151637077331543e-01 2.870909571647644043e-01
4.919033944606781006e-01 4.196484386920928955e-01
4.914654791355133057e-01 4.195303022861480713e-01
4.981809556484222412e-01 4.207216203212738037e-01
4.909991919994354248e-01 4.193467199802398682e-01
4.914334714412689209e-01 4.195031225681304932e-01
4.935114085674285889e-01 4.199579060077667236e-01
4.919465482234954834e-01 4.196317493915557861e-01
4.908883869647979736e-01 4.193084537982940674e-01
4.927658140659332275e-01 4.198680818080902100e-01
5.098878145217895508e-01 3.134570419788360596e-01
4.976494610309600830e-01 3.103294074535369873e-01
4.956772029399871826e-01 3.221246004104614258e-01
4.932022988796234131e-01 3.278771340847015381e-01
4.920702278614044189e-01 3.308015763759613037e-01
4.888388812541961670e-01 3.339158594608306885e-01
4.927336871623992920e-01 3.277023136615753174e-01
4.865942895412445068e-01 3.375158905982971191e-01
5.064342617988586426e-01 3.736086785793304443e-01
5.107164382934570312e-01 4.037875235080718994e-01
6.370342969894409180e-01 6.360024213790893555e-01
6.374921798706054688e-01 6.352934837341308594e-01
6.351115703582763672e-01 6.324894428253173828e-01
6.352085471153259277e-01 6.326974630355834961e-01
6.382426023483276367e-01 6.389048099517822266e-01
6.408162713050842285e-01 6.361863613128662109e-01
6.354733705520629883e-01 6.331888437271118164e-01
6.419814229011535645e-01 6.381605863571166992e-01
6.352965235710144043e-01 6.328687667846679688e-01
5.938488841056823730e-01 5.972734689712524414e-01
5.996494889259338379e-01 6.013673543930053711e-01
5.929558873176574707e-01 6.226816177368164062e-01
6.298556327819824219e-01 6.247345209121704102e-01
6.195120811462402344e-01 6.259728670120239258e-01
6.091437339782714844e-01 6.115484237670898438e-01
5.810566544532775879e-01 6.249783039093017578e-01
3.866598904132843018e-01 5.847922563552856445e-01
3.873989880084991455e-01 5.828862190246582031e-01
3.876474797725677490e-01 5.850539207458496094e-01
3.872295320034027100e-01 5.852349996566772461e-01
3.874645531177520752e-01 5.895652770996093750e-01
4.178248345851898193e-01 5.990695953369140625e-01
5.741800665855407715e-01 6.085101366043090820e-01
5.740422010421752930e-01 6.077767610549926758e-01
4.431677758693695068e-01 8.096262216567993164e-01
4.743121564388275146e-01 7.619978189468383789e-01
4.557619392871856689e-01 7.751601934432983398e-01
4.566262662410736084e-01 7.692681550979614258e-01
4.560016095638275146e-01 7.690609693527221680e-01
4.579432904720306396e-01 7.720994949340820312e-01
4.555212557315826416e-01 7.708935737609863281e-01
4.536491930484771729e-01 7.800638675689697266e-01
4.512430131435394287e-01 7.734273672103881836e-01
4.554289877414703369e-01 7.716768980026245117e-01
4.546810090541839600e-01 7.750357389450073242e-01
4.595986306667327881e-01 7.730566263198852539e-01
4.788087904453277588e-01 8.212475776672363281e-01
4.788362085819244385e-01 8.184415102005004883e-01
4.852646887302398682e-01 8.196192979812622070e-01
4.807991087436676025e-01 8.232426643371582031e-01
4.709140360355377197e-01 8.139321804046630859e-01
4.738276898860931396e-01 8.113780021667480469e-01
4.760461747646331787e-01 8.187772035598754883e-01
4.657077491283416748e-01 8.278847932815551758e-01
7.102244347333908081e-02 7.066192626953125000e-01
6.773314625024795532e-02 7.109906673431396484e-01
7.724411040544509888e-02 6.986477375030517578e-01
6.669590622186660767e-02 7.119497060775756836e-01
7.468319684267044067e-02 7.086315155029296875e-01
1.021716073155403137e-01 7.101843357086181641e-01
9.755658358335494995e-02 7.094551324844360352e-01
1.010684743523597717e-01 7.093477249145507812e-01
9.555298835039138794e-02 7.127754688262939453e-01
9.236829727888107300e-02 7.142639160156250000e-01
9.221682697534561157e-02 7.173581123352050781e-01
1.021594330668449402e-01 7.119715213775634766e-01
8.561588078737258911e-02 7.210565805435180664e-01
8.324464410543441772e-02 7.098224163055419922e-01
8.339399844408035278e-02 7.254440784454345703e-01
8.436305075883865356e-02 7.250639200210571289e-01
8.759777992963790894e-02 7.175043821334838867e-01
8.630330115556716919e-02 7.073811292648315430e-01
8.864491432905197144e-02 7.158901691436767578e-01
9.273365885019302368e-02 7.182043790817260742e-01
9.022489935159683228e-02 7.158231735229492188e-01
9.457775205373764038e-02 7.153443098068237305e-01
4.478799998760223389e-01 2.054691016674041748e-01
4.488011300563812256e-01 2.076320946216583252e-01
4.462600648403167725e-01 2.033010125160217285e-01
4.476906955242156982e-01 2.056028842926025391e-01
4.834948480129241943e-01 2.579810023307800293e-01
4.969787299633026123e-01 2.785682678222656250e-01
5.070484876632690430e-01 3.076597154140472412e-01
4.916775524616241455e-01 3.105411827564239502e-01
4.925610125064849854e-01 3.116093873977661133e-01
4.841435253620147705e-01 3.045357763767242432e-01
4.840355813503265381e-01 3.007896542549133301e-01
4.826218783855438232e-01 2.817128896713256836e-01
4.864769279956817627e-01 2.911692261695861816e-01
4.871960580348968506e-01 3.123056888580322266e-01
4.878722131252288818e-01 3.023274242877960205e-01
5.036343336105346680e-01 3.659774959087371826e-01
4.981295168399810791e-01 3.701181709766387939e-01
5.023356080055236816e-01 3.793440759181976318e-01
4.926218092441558838e-01 3.810512125492095947e-01
4.380984604358673096e-01 3.794921338558197021e-01
4.537124335765838623e-01 4.063208401203155518e-01
4.539053142070770264e-01 4.039139449596405029e-01
4.628623425960540771e-01 6.937927007675170898e-01
4.629550278186798096e-01 6.938606500625610352e-01
4.649610817432403564e-01 6.971118450164794922e-01
4.627481400966644287e-01 6.936109066009521484e-01
4.966093599796295166e-01 7.255088090896606445e-01
4.940764605998992920e-01 7.260864973068237305e-01
4.975898563861846924e-01 7.253669500350952148e-01
5.027299523353576660e-01 7.241398096084594727e-01
4.941783249378204346e-01 7.260905504226684570e-01
4.629109203815460205e-01 6.938432455062866211e-01
4.667966663837432861e-01 7.110933065414428711e-01
5.345270633697509766e-01 7.090520858764648438e-01
4.712869226932525635e-01 7.121134996414184570e-01
4.691631495952606201e-01 7.160545587539672852e-01
4.710797965526580811e-01 7.231330871582031250e-01
4.712931811809539795e-01 7.170590162277221680e-01
4.744426906108856201e-01 7.168895006179809570e-01
4.776019155979156494e-01 7.206693887710571289e-01
4.802655279636383057e-01 7.193286418914794922e-01
4.795869290828704834e-01 7.260152101516723633e-01
4.804281294345855713e-01 7.226591110229492188e-01
4.782737791538238525e-01 7.293839454650878906e-01
5.493882894515991211e-01 7.623316049575805664e-01
5.514709949493408203e-01 7.657200098037719727e-01
5.493403673171997070e-01 7.622489929199218750e-01
5.616310834884643555e-01 7.377523183822631836e-01
5.623931884765625000e-01 7.433551549911499023e-01
5.679956674575805664e-01 7.422624826431274414e-01
5.680818557739257812e-01 7.395884990692138672e-01
5.681284070014953613e-01 7.429231405258178711e-01
5.675534009933471680e-01 7.395910024642944336e-01
5.660192370414733887e-01 7.388699054718017578e-01
5.652999281883239746e-01 7.405735254287719727e-01
5.669468045234680176e-01 7.386331558227539062e-01
5.713313817977905273e-01 7.442753314971923828e-01
5.684368610382080078e-01 7.093627452850341797e-01
5.755722522735595703e-01 7.159959077835083008e-01
5.646352767944335938e-01 7.065948247909545898e-01
5.718445777893066406e-01 7.103114128112792969e-01
5.691145062446594238e-01 6.834015846252441406e-01
5.724065899848937988e-01 7.067295312881469727e-01
5.732550024986267090e-01 7.061073780059814453e-01
5.715132951736450195e-01 7.025902271270751953e-01
5.773894786834716797e-01 6.949341297149658203e-01
5.534842014312744141e-01 5.440417528152465820e-01
5.513309240341186523e-01 5.324190855026245117e-01
5.594173073768615723e-01 2.735737860202789307e-01
5.585875511169433594e-01 2.733921706676483154e-01
5.578787326812744141e-01 2.731640636920928955e-01
5.591298937797546387e-01 2.735080718994140625e-01
5.586556196212768555e-01 2.733625769615173340e-01
4.719835221767425537e-01 6.720256805419921875e-01
5.081260800361633301e-01 3.864244520664215088e-01
5.184254050254821777e-01 3.435488641262054443e-01
5.280100703239440918e-01 3.139547705650329590e-01
5.266073942184448242e-01 3.186182081699371338e-01
5.424654483795166016e-01 3.056583702564239502e-01
5.557768940925598145e-01 2.812523245811462402e-01
5.642416477203369141e-01 2.780830860137939453e-01
5.580505728721618652e-01 2.800231873989105225e-01
5.375800132751464844e-01 2.937018275260925293e-01
5.290403366088867188e-01 3.002263605594635010e-01
5.167388916015625000e-01 3.153866231441497803e-01
5.133653879165649414e-01 3.374447524547576904e-01
5.079021453857421875e-01 3.972678482532501221e-01
5.322559475898742676e-01 3.146892189979553223e-01
5.471785068511962891e-01 4.270628392696380615e-01
5.467422604560852051e-01 4.271622002124786377e-01
5.486049652099609375e-01 4.486920535564422607e-01
5.482397079467773438e-01 4.437631666660308838e-01
5.493850111961364746e-01 4.422992169857025146e-01
5.270189046859741211e-01 4.458543360233306885e-01
5.224475860595703125e-01 4.430482685565948486e-01
5.209491848945617676e-01 4.427181184291839600e-01
5.200465917587280273e-01 4.391151964664459229e-01
5.231080651283264160e-01 4.394076168537139893e-01
5.187557339668273926e-01 4.351318776607513428e-01
5.274192690849304199e-01 4.381843507289886475e-01
5.300385355949401855e-01 4.343313872814178467e-01
5.326137542724609375e-01 4.364172518253326416e-01
5.280311703681945801e-01 4.380794465541839600e-01
5.460705161094665527e-01 4.447903335094451904e-01
5.364690423011779785e-01 4.530138671398162842e-01
5.428608059883117676e-01 4.435733854770660400e-01
5.464546680450439453e-01 4.271893799304962158e-01
5.621543526649475098e-01 4.497012794017791748e-01
5.620993971824645996e-01 4.486480653285980225e-01
5.629394650459289551e-01 4.499888718128204346e-01
5.360742807388305664e-01 3.833734691143035889e-01
5.192613601684570312e-01 4.050798118114471436e-01
5.358021855354309082e-01 3.829459846019744873e-01
5.133650898933410645e-01 4.145249426364898682e-01
5.138815641403198242e-01 4.171154797077178955e-01
5.081648826599121094e-01 4.244193732738494873e-01
5.102199912071228027e-01 4.210339486598968506e-01
5.118442177772521973e-01 4.210381209850311279e-01
5.535521507263183594e-01 3.596962392330169678e-01
5.545893907546997070e-01 3.548836410045623779e-01
5.379863381385803223e-01 3.483477532863616943e-01
5.221295356750488281e-01 3.560383021831512451e-01
5.142052173614501953e-01 3.511625826358795166e-01
4.962414801120758057e-01 3.572380840778350830e-01
4.871722161769866943e-01 3.597819507122039795e-01
4.343726933002471924e-01 3.641026318073272705e-01
4.183382689952850342e-01 3.708541095256805420e-01
4.092486798763275146e-01 3.735935986042022705e-01
4.371041357517242432e-01 3.566503822803497314e-01
4.477485716342926025e-01 3.797156512737274170e-01
4.450974762439727783e-01 3.650973737239837646e-01
4.350214302539825439e-01 3.670398294925689697e-01
4.305362999439239502e-01 5.224364995956420898e-01
4.295191466808319092e-01 5.208551883697509766e-01
4.308475553989410400e-01 5.229589939117431641e-01
4.293192923069000244e-01 5.205504894256591797e-01
4.310826361179351807e-01 5.232386589050292969e-01
4.311411082744598389e-01 5.226613283157348633e-01
4.297281801700592041e-01 5.211789608001708984e-01
4.564426243305206299e-01 5.143084526062011719e-01
4.617564380168914795e-01 5.872498750686645508e-01
5.028668642044067383e-01 5.619333982467651367e-01
5.010682940483093262e-01 5.536469221115112305e-01
5.028012990951538086e-01 5.532094240188598633e-01
5.006279945373535156e-01 5.480269193649291992e-01
5.001553297042846680e-01 5.458278656005859375e-01
5.019155740737915039e-01 5.445307493209838867e-01
5.053768157958984375e-01 5.401886701583862305e-01
5.036152005195617676e-01 5.802053213119506836e-01
4.548480808734893799e-01 5.150412321090698242e-01
5.007452368736267090e-01 5.758558511734008789e-01
5.037660002708435059e-01 5.754874944686889648e-01
5.006975531578063965e-01 5.746738910675048828e-01
4.979597628116607666e-01 5.736675262451171875e-01
5.391919612884521484e-01 5.522395372390747070e-01
3.805133104324340820e-01 5.616238117218017578e-01
3.790090978145599365e-01 5.625464916229248047e-01
3.811513185501098633e-01 5.611950159072875977e-01
5.371348261833190918e-01 5.235472917556762695e-01
5.359111428260803223e-01 5.255595445632934570e-01
5.318701267242431641e-01 5.274691581726074219e-01
5.218365788459777832e-01 5.317771434783935547e-01
5.179490447044372559e-01 5.316057205200195312e-01
5.147042274475097656e-01 5.403068065643310547e-01
5.177695155143737793e-01 5.362280607223510742e-01
4.494217932224273682e-01 5.583148002624511719e-01
4.571167528629302979e-01 5.522753000259399414e-01
3.857292234897613525e-01 5.470166206359863281e-01
3.831140697002410889e-01 5.494443178176879883e-01
3.864285051822662354e-01 5.463079214096069336e-01
3.873136341571807861e-01 5.432063341140747070e-01
3.859188258647918701e-01 5.418663024902343750e-01
3.879015743732452393e-01 5.397942066192626953e-01
3.864754140377044678e-01 5.410689115524291992e-01
3.779551088809967041e-01 5.631453990936279297e-01
3.815121352672576904e-01 5.445381402969360352e-01
5.817003846168518066e-01 6.796799898147583008e-01
5.663067698478698730e-01 7.286281585693359375e-01
5.645183920860290527e-01 7.287799119949340820e-01
6.111294627189636230e-01 5.537446737289428711e-01
6.113114953041076660e-01 5.714037418365478516e-01
6.140654087066650391e-01 5.409936904907226562e-01
6.129754185676574707e-01 5.495387315750122070e-01
6.086118221282958984e-01 5.702108144760131836e-01
6.130857467651367188e-01 5.458287000656127930e-01
6.211663484573364258e-01 5.225820541381835938e-01
6.327135562896728516e-01 4.909498393535614014e-01
6.303070783615112305e-01 4.865801036357879639e-01
5.496433973312377930e-01 7.464928627014160156e-01
5.681937932968139648e-01 6.951580047607421875e-01
5.630810260772705078e-01 6.829497814178466797e-01
5.596202611923217773e-01 6.875489950180053711e-01
5.581423044204711914e-01 6.834727525711059570e-01
5.630051493644714355e-01 7.287633419036865234e-01
5.389369130134582520e-01 6.588511466979980469e-01
5.403921604156494141e-01 6.603826284408569336e-01
5.452939867973327637e-01 6.787959337234497070e-01
5.482152104377746582e-01 6.931463479995727539e-01
5.109396576881408691e-01 5.417686700820922852e-01
5.097289085388183594e-01 5.384417772293090820e-01
5.108776092529296875e-01 5.423322916030883789e-01
5.027940273284912109e-01 4.434237778186798096e-01
5.081346035003662109e-01 4.417004287242889404e-01
5.094281435012817383e-01 4.489827454090118408e-01
5.122769474983215332e-01 4.540645182132720947e-01
5.286156535148620605e-01 6.859214305877685547e-01
5.347572565078735352e-01 6.703145503997802734e-01
5.362155437469482422e-01 6.739643812179565430e-01
5.366534590721130371e-01 6.713695526123046875e-01
5.358172059059143066e-01 6.600403785705566406e-01
5.364186167716979980e-01 6.605474948883056641e-01
5.320236682891845703e-01 6.594365835189819336e-01
5.336910486221313477e-01 6.576892137527465820e-01
5.277600288391113281e-01 6.583245992660522461e-01
5.170263051986694336e-01 6.755913496017456055e-01
5.188305974006652832e-01 6.726580858230590820e-01
5.114512443542480469e-01 7.063313722610473633e-01
5.171976685523986816e-01 7.120882272720336914e-01
5.176604986190795898e-01 7.094730138778686523e-01
5.190707445144653320e-01 7.282584905624389648e-01
4.878433048725128174e-01 8.444112539291381836e-01
4.993312656879425049e-01 8.499330282211303711e-01
5.027405023574829102e-01 8.504967689514160156e-01
5.009208917617797852e-01 8.501790761947631836e-01
5.004420876502990723e-01 8.501758575439453125e-01
5.075936913490295410e-01 8.511503934860229492e-01
4.997924268245697021e-01 8.500094413757324219e-01
5.012453198432922363e-01 8.502869606018066406e-01
4.401486217975616455e-01 7.308576107025146484e-01
4.227161705493927002e-01 8.271178007125854492e-01
4.231593310832977295e-01 8.273565769195556641e-01
4.108808338642120361e-01 8.312858343124389648e-01
4.105626642704010010e-01 8.286272287368774414e-01
3.964757025241851807e-01 7.145745754241943359e-01
4.046706259250640869e-01 7.106188535690307617e-01
4.588482081890106201e-01 7.250303030014038086e-01
4.587661921977996826e-01 7.294486761093139648e-01
4.564330875873565674e-01 7.319382429122924805e-01
4.547181427478790283e-01 7.356567382812500000e-01
4.534761011600494385e-01 7.370234727859497070e-01
4.516610801219940186e-01 7.435362339019775391e-01
4.470303356647491455e-01 7.399630546569824219e-01
4.820600450038909912e-01 3.072627186775207520e-01
4.807847440242767334e-01 3.076989948749542236e-01
4.823864400386810303e-01 3.071128726005554199e-01
4.810599982738494873e-01 3.076015710830688477e-01
4.799916446208953857e-01 3.078461289405822754e-01
4.816920459270477295e-01 3.073796629905700684e-01
4.822103679180145264e-01 3.072209656238555908e-01
4.598999321460723877e-01 3.239871859550476074e-01
4.600866734981536865e-01 3.217772841453552246e-01
4.609290063381195068e-01 3.286041915416717529e-01
4.535152018070220947e-01 3.314876258373260498e-01
4.564119875431060791e-01 3.319112658500671387e-01
4.466225206851959229e-01 3.413757383823394775e-01
4.486889541149139404e-01 3.389328718185424805e-01
4.503145515918731689e-01 3.384594619274139404e-01
4.493205845355987549e-01 3.379071354866027832e-01
4.526291191577911377e-01 3.304294943809509277e-01
4.528277814388275146e-01 3.313017785549163818e-01
4.888963401317596436e-01 3.079597055912017822e-01
4.804283082485198975e-01 3.077870309352874756e-01
4.863153398036956787e-01 2.916185557842254639e-01
4.866667091846466064e-01 2.871288955211639404e-01
6.413134336471557617e-01 5.987782478332519531e-01
6.435630917549133301e-01 5.977157354354858398e-01
6.481118202209472656e-01 5.954785346984863281e-01
5.285781025886535645e-01 5.869182348251342773e-01
5.293279886245727539e-01 5.885862112045288086e-01
5.283329486846923828e-01 5.861160755157470703e-01
5.287149548530578613e-01 5.872194766998291016e-01
5.281946063041687012e-01 5.850489139556884766e-01
5.286521911621093750e-01 5.870711803436279297e-01
5.282971858978271484e-01 5.852657556533813477e-01
5.111700296401977539e-01 5.585297346115112305e-01
5.209683775901794434e-01 5.399992465972900391e-01
6.052002310752868652e-01 6.226575374603271484e-01
5.999957323074340820e-01 6.190340518951416016e-01
6.402184367179870605e-01 5.993334054946899414e-01
6.150839924812316895e-01 6.258685588836669922e-01
6.135337948799133301e-01 6.261296272277832031e-01
6.255906224250793457e-01 6.258268356323242188e-01
6.261418461799621582e-01 6.259669065475463867e-01
6.265508532524108887e-01 6.269809007644653320e-01
6.325410604476928711e-01 6.233845949172973633e-01
6.329823732376098633e-01 6.232852935791015625e-01
4.351023733615875244e-01 2.847560942173004150e-01
4.420107305049896240e-01 2.532604932785034180e-01
4.266599118709564209e-01 2.280603945255279541e-01
4.282238781452178955e-01 2.298400700092315674e-01
4.267103374004364014e-01 2.280223369598388672e-01
4.287780225276947021e-01 2.302598059177398682e-01
4.273469746112823486e-01 2.234628796577453613e-01
4.270546734333038330e-01 2.281890511512756348e-01
4.278178513050079346e-01 2.245309948921203613e-01
4.267392456531524658e-01 2.280753254890441895e-01
4.276950061321258545e-01 2.140011489391326904e-01
4.266013801097869873e-01 2.280528545379638672e-01
4.239580929279327393e-01 2.130837440490722656e-01
4.244081676006317139e-01 2.120315134525299072e-01
4.266381561756134033e-01 2.280345857143402100e-01
4.284192621707916260e-01 2.116202116012573242e-01
4.284752309322357178e-01 2.072093188762664795e-01
4.177494943141937256e-01 2.090524435043334961e-01
4.159754216670989990e-01 2.105079293251037598e-01
4.139084517955780029e-01 2.114677727222442627e-01
4.077446162700653076e-01 2.037800550460815430e-01
4.450562894344329834e-01 2.488394081592559814e-01
4.187251627445220947e-01 7.791905403137207031e-01
4.200841486454010010e-01 7.795238494873046875e-01
4.278002679347991943e-01 7.858018875122070312e-01
4.187557995319366455e-01 7.791436910629272461e-01
4.190592467784881592e-01 7.794227600097656250e-01
2.201586067676544189e-01 7.549469470977783203e-01
2.131662368774414062e-01 7.503324747085571289e-01
2.152644097805023193e-01 7.511916160583496094e-01
2.136401236057281494e-01 7.505427598953247070e-01
2.167743444442749023e-01 7.517697811126708984e-01
2.142919301986694336e-01 7.507858276367187500e-01
5.118898153305053711e-01 6.351317167282104492e-01
5.048843622207641602e-01 6.335834264755249023e-01
1.862969100475311279e-01 1.067452073097229004e+00
2.448251247406005859e-01 1.019140481948852539e+00
2.265427708625793457e-01 1.032207965850830078e+00
1.980681717395782471e-01 1.066636443138122559e+00
2.075138688087463379e-01 1.052865147590637207e+00
2.773814797401428223e-01 6.955741643905639648e-01
2.410554885864257812e-01 7.712556123733520508e-01
2.428793311119079590e-01 7.617906332015991211e-01
2.317311167716979980e-01 7.919088602066040039e-01
3.524959683418273926e-01 6.343848705291748047e-01
3.581265807151794434e-01 6.065883636474609375e-01
3.602211177349090576e-01 6.064951419830322266e-01
3.591293692588806152e-01 6.065082550048828125e-01
3.619153797626495361e-01 6.066211462020874023e-01
3.598220348358154297e-01 6.065241098403930664e-01
6.098341941833496094e-01 8.402037620544433594e-01
6.124677658081054688e-01 8.248542547225952148e-01
6.246172785758972168e-01 8.417518138885498047e-01
5.949945449829101562e-01 7.920795679092407227e-01
2.660395205020904541e-01 6.282150745391845703e-01
2.576380074024200439e-01 6.251640319824218750e-01
2.610034346580505371e-01 6.175844669342041016e-01
2.635083198547363281e-01 6.154078245162963867e-01
2.631044983863830566e-01 6.155943870544433594e-01
2.651456892490386963e-01 6.180200576782226562e-01
2.688650190830230713e-01 6.105450391769409180e-01
2.710520625114440918e-01 6.131911277770996094e-01
2.755296528339385986e-01 6.139104366302490234e-01
3.503484725952148438e-01 6.369944810867309570e-01
3.584296405315399170e-01 6.065562963485717773e-01
3.505251705646514893e-01 6.377546787261962891e-01
5.236793160438537598e-01 4.040472805500030518e-01
5.231173634529113770e-01 4.041124880313873291e-01
5.254124402999877930e-01 4.036644399166107178e-01
5.235871672630310059e-01 4.040414392948150635e-01
5.223028659820556641e-01 4.041405022144317627e-01
5.125836730003356934e-01 3.531633317470550537e-01
5.246540307998657227e-01 4.038713276386260986e-01
5.340848565101623535e-01 3.367381095886230469e-01
5.437746644020080566e-01 3.277861773967742920e-01
5.393491387367248535e-01 3.270979225635528564e-01
5.419276952743530273e-01 3.028031885623931885e-01
5.310400128364562988e-01 3.089592158794403076e-01
5.180935263633728027e-01 3.310348689556121826e-01
5.167675614356994629e-01 3.344482481479644775e-01
5.117464065551757812e-01 3.458025157451629639e-01
5.000340342521667480e-01 3.623530566692352295e-01
4.825447499752044678e-01 3.889533579349517822e-01
4.746128618717193604e-01 4.356655180454254150e-01
4.734058678150177002e-01 4.381740987300872803e-01
4.749744236469268799e-01 4.663328826427459717e-01
4.765792787075042725e-01 4.658542573451995850e-01
5.058791637420654297e-01 4.417649805545806885e-01
5.144807100296020508e-01 3.589699566364288330e-01
5.010290741920471191e-01 2.420130372047424316e-01
4.941081106662750244e-01 4.131763875484466553e-01
4.925770461559295654e-01 4.078893363475799561e-01
4.914687573909759521e-01 4.195427000522613525e-01
4.935952723026275635e-01 4.122945368289947510e-01
5.104904770851135254e-01 4.264617264270782471e-01
4.916806519031524658e-01 4.161464273929595947e-01
4.931314885616302490e-01 4.117722809314727783e-01
4.984953701496124268e-01 4.156077206134796143e-01
5.018663406372070312e-01 4.120018184185028076e-01
3.544135987758636475e-01 3.030230402946472168e-01
3.509009778499603271e-01 2.994707226753234863e-01
3.477471470832824707e-01 2.959366738796234131e-01
3.495805859565734863e-01 2.881352603435516357e-01
3.484604358673095703e-01 2.792911529541015625e-01
3.484009206295013428e-01 2.888934612274169922e-01
3.206168711185455322e-01 3.374377489089965820e-01
3.140265941619873047e-01 3.361934125423431396e-01
3.132001757621765137e-01 3.367820978164672852e-01
3.258484601974487305e-01 3.753158152103424072e-01
3.905750811100006104e-01 3.901462852954864502e-01
5.435529947280883789e-01 4.348038733005523682e-01
5.432414412498474121e-01 4.341265261173248291e-01
5.209969878196716309e-01 4.790788590908050537e-01
5.211959481239318848e-01 4.790131747722625732e-01
5.487148165702819824e-01 4.345591962337493896e-01
5.536464452743530273e-01 4.262439906597137451e-01
5.598267912864685059e-01 4.296283423900604248e-01
5.584326386451721191e-01 4.256968200206756592e-01
5.640348196029663086e-01 4.160568416118621826e-01
4.871456921100616455e-01 4.822691977024078369e-01
4.715020358562469482e-01 5.100075006484985352e-01
4.714697301387786865e-01 4.996120631694793701e-01
4.724039733409881592e-01 4.812301695346832275e-01
4.749197661876678467e-01 4.698663651943206787e-01
4.766683876514434814e-01 4.734853208065032959e-01
4.772171676158905029e-01 4.649991095066070557e-01
4.814404547214508057e-01 4.500627815723419189e-01
5.020257830619812012e-01 5.026550292968750000e-01
4.981254637241363525e-01 5.031427145004272461e-01
5.037474036216735840e-01 5.022253990173339844e-01
5.065396428108215332e-01 5.011993646621704102e-01
5.109680294990539551e-01 4.959990084171295166e-01
2.469983994960784912e-01 1.136860251426696777e+00
2.471227049827575684e-01 1.137057662010192871e+00
2.469555139541625977e-01 1.136797785758972168e+00
2.470597028732299805e-01 1.136949777603149414e+00
2.472603917121887207e-01 1.137175798416137695e+00
2.470779716968536377e-01 1.136976599693298340e+00
2.474360466003417969e-01 1.137466788291931152e+00
2.480250895023345947e-01 1.139170050621032715e+00
2.475583553314208984e-01 1.137667179107666016e+00
2.473663687705993652e-01 1.137435078620910645e+00
2.481998205184936523e-01 1.139920592308044434e+00
1.702160835266113281e-01 1.044095039367675781e+00
1.788843870162963867e-01 1.026412725448608398e+00
1.780006885528564453e-01 1.025956749916076660e+00
1.785129308700561523e-01 1.029438018798828125e+00
1.736699938774108887e-01 1.038117170333862305e+00
1.727049648761749268e-01 1.047058105468750000e+00
1.715944409370422363e-01 1.037621498107910156e+00
1.287920773029327393e-01 1.058104276657104492e+00
1.281145513057708740e-01 1.059339284896850586e+00
1.315074563026428223e-01 1.057592868804931641e+00
1.267597079277038574e-01 1.064715385437011719e+00
5.268334150314331055e-01 4.381732642650604248e-01
5.288623571395874023e-01 4.370842278003692627e-01
5.281227231025695801e-01 4.375323355197906494e-01
5.276070237159729004e-01 4.378172457218170166e-01
5.325407385826110840e-01 4.347203075885772705e-01
5.288726091384887695e-01 4.370855987071990967e-01
5.296896696090698242e-01 4.366368949413299561e-01
5.281878113746643066e-01 4.374827444553375244e-01
5.695092082023620605e-01 4.479143321514129639e-01
5.743978619575500488e-01 4.503057301044464111e-01
5.766528844833374023e-01 4.538771808147430420e-01
5.750625729560852051e-01 4.558763206005096436e-01
5.736432075500488281e-01 4.552785456180572510e-01
5.811831951141357422e-01 4.582137167453765869e-01
5.723872780799865723e-01 4.631834328174591064e-01
5.855309963226318359e-01 4.627595841884613037e-01
5.840924382209777832e-01 4.610234797000885010e-01
5.878565907478332520e-01 4.642401039600372314e-01
5.815383195877075195e-01 4.548893272876739502e-01
5.456646680831909180e-01 4.424645006656646729e-01
5.369123816490173340e-01 4.427761733531951904e-01
5.349724292755126953e-01 4.433713853359222412e-01
4.769123494625091553e-01 7.104934453964233398e-01
4.769972264766693115e-01 7.106122970581054688e-01
4.767874181270599365e-01 7.102811336517333984e-01
4.769947230815887451e-01 7.106221914291381836e-01
4.967323243618011475e-01 7.971745729446411133e-01
4.446081817150115967e-01 7.988389730453491211e-01
4.435604512691497803e-01 7.899361848831176758e-01
4.769585430622100830e-01 7.106118202209472656e-01
4.391923844814300537e-01 7.934268712997436523e-01
4.689299166202545166e-01 7.949525117874145508e-01
4.718807637691497803e-01 8.043986558914184570e-01
4.750215113162994385e-01 8.077682256698608398e-01
4.863850176334381104e-01 8.104420900344848633e-01
4.849510490894317627e-01 8.041056394577026367e-01
5.065504908561706543e-01 8.054858446121215820e-01
5.102689862251281738e-01 8.076825141906738281e-01
5.114656686782836914e-01 8.079842329025268555e-01
5.140681862831115723e-01 8.068859577178955078e-01
5.056298971176147461e-01 8.028092384338378906e-01
5.056257843971252441e-01 8.033965826034545898e-01
4.966461956501007080e-01 7.971569299697875977e-01
5.052914023399353027e-01 8.025401830673217773e-01
5.312474370002746582e-01 3.030222654342651367e-01
5.311703085899353027e-01 3.028040230274200439e-01
5.313093662261962891e-01 3.030672967433929443e-01
5.309884548187255859e-01 3.023828566074371338e-01
5.313103795051574707e-01 3.031327426433563232e-01
5.516430139541625977e-01 2.899788022041320801e-01
5.500060319900512695e-01 2.902222275733947754e-01
5.488570928573608398e-01 2.902734875679016113e-01
5.507187247276306152e-01 2.901351451873779297e-01
5.510968565940856934e-01 2.900839149951934814e-01
5.512725114822387695e-01 2.900540232658386230e-01
5.500572323799133301e-01 2.902025282382965088e-01
5.624493956565856934e-01 3.308402299880981445e-01
5.586922168731689453e-01 3.234658837318420410e-01
5.621377229690551758e-01 3.216096460819244385e-01
5.685213208198547363e-01 3.188728094100952148e-01
5.285645723342895508e-01 3.026504516601562500e-01
5.043270587921142578e-01 2.636370062828063965e-01
5.002760887145996094e-01 2.578634321689605713e-01
5.013176798820495605e-01 2.607562541961669922e-01
5.029153823852539062e-01 2.488008141517639160e-01
5.033319592475891113e-01 2.517936825752258301e-01
4.280464947223663330e-01 3.632256686687469482e-01
4.625352323055267334e-01 4.228830039501190186e-01
4.633029401302337646e-01 4.199344217777252197e-01
4.629266560077667236e-01 4.216072261333465576e-01
4.627144634723663330e-01 4.223362505435943604e-01
4.628612101078033447e-01 4.217841327190399170e-01
4.629791080951690674e-01 4.212867915630340576e-01
4.628570973873138428e-01 4.217853844165802002e-01
4.632599055767059326e-01 4.135843813419342041e-01
4.228450357913970947e-01 5.403789281845092773e-01
4.262214004993438721e-01 5.325794219970703125e-01
4.271838963031768799e-01 5.295526981353759766e-01
4.286860525608062744e-01 5.335584878921508789e-01
4.286510050296783447e-01 5.313860177993774414e-01
4.321255385875701904e-01 5.316965579986572266e-01
4.305182397365570068e-01 5.328829288482666016e-01
4.310773909091949463e-01 5.330930948257446289e-01
4.324943125247955322e-01 5.300899744033813477e-01
4.358045160770416260e-01 5.398207902908325195e-01
4.097169339656829834e-01 2.310180068016052246e-01
4.028642475605010986e-01 2.368915975093841553e-01
4.293557703495025635e-01 3.618147075176239014e-01
5.545160174369812012e-01 2.686225473880767822e-01
5.338739156723022461e-01 2.786649763584136963e-01
5.341098904609680176e-01 2.785461246967315674e-01
5.352834463119506836e-01 2.780478298664093018e-01
5.348743200302124023e-01 2.782320678234100342e-01
5.383064150810241699e-01 2.764208316802978516e-01
5.335109829902648926e-01 2.788158953189849854e-01
5.360037684440612793e-01 2.776964008808135986e-01
5.343150496482849121e-01 2.784904539585113525e-01
5.201759934425354004e-01 2.988078296184539795e-01
5.230786204338073730e-01 2.923658490180969238e-01
5.507820844650268555e-01 2.575626969337463379e-01
5.529642105102539062e-01 2.585633695125579834e-01
5.508084893226623535e-01 2.583363950252532959e-01
5.508116483688354492e-01 2.477141022682189941e-01
4.847683012485504150e-01 3.058760166168212891e-01
4.978341162204742432e-01 3.004547357559204102e-01
4.952481687068939209e-01 2.964317500591278076e-01
5.191956758499145508e-01 2.754054665565490723e-01
5.227916836738586426e-01 2.788046598434448242e-01
5.263271331787109375e-01 2.768763005733489990e-01
5.494554042816162109e-01 2.705841660499572754e-01
5.251287817955017090e-01 4.541659653186798096e-01
5.175101161003112793e-01 4.388783276081085205e-01
5.178642868995666504e-01 4.386951029300689697e-01
5.172375440597534180e-01 4.390105307102203369e-01
5.197076201438903809e-01 4.377375543117523193e-01
4.861125051975250244e-01 3.726296126842498779e-01
5.048727393150329590e-01 3.813876211643218994e-01
5.368797183036804199e-01 4.118832647800445557e-01
5.385560989379882812e-01 4.064639508724212646e-01
5.571791529655456543e-01 3.783717453479766846e-01
5.540431141853332520e-01 3.632463514804840088e-01
5.565327405929565430e-01 4.452283084392547607e-01
5.612756609916687012e-01 4.504306018352508545e-01
5.488182902336120605e-01 4.827708899974822998e-01
5.508853793144226074e-01 4.799133241176605225e-01
5.477812290191650391e-01 4.815593659877777100e-01
5.447007417678833008e-01 4.763657748699188232e-01
5.400823950767517090e-01 4.849219620227813721e-01
5.452787280082702637e-01 4.780500829219818115e-01
5.413909554481506348e-01 4.759196341037750244e-01
5.449932217597961426e-01 4.760846793651580811e-01
5.233558416366577148e-01 4.488987624645233154e-01
6.248521804809570312e-01 2.664922177791595459e-01
6.250028014183044434e-01 2.663166522979736328e-01
6.251049041748046875e-01 2.664554119110107422e-01
4.361578524112701416e-01 2.633322775363922119e-01
4.399125277996063232e-01 2.681152820587158203e-01
4.420265257358551025e-01 2.706949114799499512e-01
4.436087310314178467e-01 2.679383456707000732e-01
4.422003924846649170e-01 2.716272771358489990e-01
4.735317528247833252e-01 2.755205929279327393e-01
4.747482240200042725e-01 2.832582592964172363e-01
4.731371104717254639e-01 2.819347679615020752e-01
4.718650281429290771e-01 2.774325311183929443e-01
4.780285060405731201e-01 2.751804590225219727e-01
4.944957792758941650e-01 2.764070034027099609e-01
5.012856721878051758e-01 2.812761962413787842e-01
4.979655444622039795e-01 2.828335762023925781e-01
4.996595680713653564e-01 2.833503186702728271e-01
5.015140175819396973e-01 2.911312580108642578e-01
5.066198706626892090e-01 2.819762527942657471e-01
5.081294775009155273e-01 2.818745970726013184e-01
5.064244866371154785e-01 2.820762693881988525e-01
5.051382184028625488e-01 2.822647392749786377e-01
6.037873625755310059e-01 8.237897157669067383e-01
6.254968047142028809e-01 7.775502204895019531e-01
3.631881773471832275e-01 4.684210717678070068e-01
3.630052208900451660e-01 4.505557715892791748e-01
3.602242469787597656e-01 4.765316545963287354e-01
3.659472167491912842e-01 3.709852993488311768e-01
3.699974417686462402e-01 4.076865613460540771e-01
3.669191002845764160e-01 3.110922873020172119e-01
3.679516911506652832e-01 2.796711921691894531e-01
3.695389628410339355e-01 2.995826005935668945e-01
3.698541224002838135e-01 2.672912180423736572e-01
3.666977882385253906e-01 2.833124995231628418e-01
4.503056108951568604e-01 9.058984518051147461e-01
5.024725198745727539e-01 9.236632585525512695e-01
5.378906130790710449e-01 9.108306169509887695e-01
5.365711450576782227e-01 9.131929874420166016e-01
5.543324947357177734e-01 9.141179323196411133e-01
5.468955039978027344e-01 9.213584661483764648e-01
5.264570116996765137e-01 9.180374145507812500e-01
5.296595096588134766e-01 9.154746532440185547e-01
5.383182168006896973e-01 9.184515476226806641e-01
5.148311257362365723e-01 9.285271167755126953e-01
4.602741897106170654e-01 6.787728071212768555e-01
4.679973423480987549e-01 6.670922040939331055e-01
4.601393640041351318e-01 6.786333322525024414e-01
4.685796201229095459e-01 6.727759838104248047e-01
4.697837531566619873e-01 6.702663898468017578e-01
4.654870927333831787e-01 6.685236692428588867e-01
4.639118611812591553e-01 6.684690713882446289e-01
4.771465957164764404e-01 6.628429889678955078e-01
4.815391600131988525e-01 6.665349006652832031e-01
5.171596407890319824e-01 6.688520908355712891e-01
5.201920866966247559e-01 6.660617589950561523e-01
5.266883969306945801e-01 6.689203977584838867e-01
5.346239805221557617e-01 6.588711738586425781e-01
6.027452349662780762e-01 6.341602802276611328e-01
5.949150323867797852e-01 6.487332582473754883e-01
5.968524813652038574e-01 6.485102176666259766e-01
5.983086228370666504e-01 6.453192234039306641e-01
6.056193113327026367e-01 6.541568040847778320e-01
3.797309696674346924e-01 6.576125621795654297e-01
3.914053738117218018e-01 6.800611019134521484e-01
3.750269412994384766e-01 6.648030281066894531e-01
3.784953355789184570e-01 6.611981391906738281e-01
5.677461624145507812e-01 3.288576900959014893e-01
5.683475732803344727e-01 3.288910686969757080e-01
5.660067200660705566e-01 3.264669477939605713e-01
5.661647915840148926e-01 3.267627060413360596e-01
5.661412477493286133e-01 3.265811502933502197e-01
5.684988498687744141e-01 3.186209797859191895e-01
5.701435804367065430e-01 3.180752992630004883e-01
6.155799031257629395e-01 3.220510780811309814e-01
6.151052713394165039e-01 3.311756253242492676e-01
5.846635699272155762e-01 3.519168198108673096e-01
5.886707901954650879e-01 3.505177795886993408e-01
5.728773474693298340e-01 3.453322350978851318e-01
5.698132514953613281e-01 3.450805842876434326e-01
5.591814517974853516e-01 3.464230597019195557e-01
5.518939495086669922e-01 3.442395031452178955e-01
5.465299487113952637e-01 3.377920389175415039e-01
5.426492691040039062e-01 3.383246362209320068e-01
5.301160216331481934e-01 3.337815701961517334e-01
5.377919077873229980e-01 3.378154635429382324e-01
5.574554800987243652e-01 3.468500077724456787e-01
5.678546428680419922e-01 3.304581344127655029e-01
5.620384216308593750e-01 3.439414799213409424e-01
5.761342644691467285e-01 4.551458060741424561e-01
5.762674212455749512e-01 4.550311267375946045e-01
5.799978971481323242e-01 4.500932991504669189e-01
5.756340622901916504e-01 4.556814730167388916e-01
5.211758613586425781e-01 4.368750751018524170e-01
5.604519248008728027e-01 4.171227514743804932e-01
5.594683885574340820e-01 4.279923737049102783e-01
5.608483552932739258e-01 4.330724775791168213e-01
5.628145337104797363e-01 4.480287730693817139e-01
5.648121237754821777e-01 4.449634253978729248e-01
5.658205151557922363e-01 4.455107152462005615e-01
5.666180253028869629e-01 4.517396986484527588e-01
5.645372271537780762e-01 4.482613503932952881e-01
5.683336853981018066e-01 4.597502648830413818e-01
5.653951168060302734e-01 4.596225321292877197e-01
5.749676227569580078e-01 4.595644772052764893e-01
5.733669996261596680e-01 4.645995795726776123e-01
5.725048780441284180e-01 4.578852951526641846e-01
5.745358467102050781e-01 4.606123864650726318e-01
5.730177760124206543e-01 4.648495018482208252e-01
5.720362067222595215e-01 4.627296030521392822e-01
5.734479427337646484e-01 4.641533195972442627e-01
4.736128747463226318e-01 6.730940341949462891e-01
5.114313364028930664e-01 6.652117967605590820e-01
5.117716789245605469e-01 6.649745702743530273e-01
5.127557516098022461e-01 6.641893386840820312e-01
5.110901594161987305e-01 6.654403209686279297e-01
5.134944915771484375e-01 6.635124683380126953e-01
5.116218328475952148e-01 6.650536060333251953e-01
5.139218568801879883e-01 6.631073951721191406e-01
5.128011703491210938e-01 6.641545295715332031e-01
5.117934346199035645e-01 6.649495363235473633e-01
5.144778490066528320e-01 6.623065471649169922e-01
4.792366921901702881e-01 7.979507446289062500e-01
4.829898774623870850e-01 8.026765584945678711e-01
5.102395415306091309e-01 7.688940763473510742e-01
5.102941393852233887e-01 7.685937881469726562e-01
5.609606504440307617e-01 6.936969757080078125e-01
5.492612123489379883e-01 6.913621425628662109e-01
5.377705097198486328e-01 6.790636777877807617e-01
5.409280657768249512e-01 6.864072084426879883e-01
4.824079573154449463e-01 6.691131591796875000e-01
5.111940503120422363e-01 6.653712987899780273e-01
4.791381061077117920e-01 6.710348129272460938e-01
4.224716722965240479e-01 3.551529347896575928e-01
4.239406287670135498e-01 3.782967627048492432e-01
4.251895248889923096e-01 3.782826960086822510e-01
4.193142950534820557e-01 3.653276860713958740e-01
4.124717414379119873e-01 3.662284910678863525e-01
4.164525568485260010e-01 3.520458042621612549e-01
4.078501760959625244e-01 3.678157627582550049e-01
4.093321859836578369e-01 3.637395203113555908e-01
4.047709405422210693e-01 3.657799661159515381e-01
4.052993953227996826e-01 3.716780245304107666e-01
4.054076969623565674e-01 3.706940710544586182e-01
4.090842902660369873e-01 3.735544979572296143e-01
4.056868851184844971e-01 3.730525076389312744e-01
4.131803810596466064e-01 3.786363899707794189e-01
4.131485521793365479e-01 3.778867423534393311e-01
4.183212220668792725e-01 3.763319551944732666e-01
4.205885231494903564e-01 3.712500631809234619e-01
4.216825067996978760e-01 3.742535412311553955e-01
4.204217493534088135e-01 3.666774928569793701e-01
4.215846359729766846e-01 3.690836131572723389e-01
4.319544732570648193e-01 3.610959351062774658e-01
4.293066561222076416e-01 3.569605648517608643e-01
5.206937193870544434e-01 7.082358598709106445e-01
5.220423340797424316e-01 7.104104757308959961e-01
5.208445191383361816e-01 7.084984779357910156e-01
5.205456018447875977e-01 7.080664634704589844e-01
5.215055346488952637e-01 7.097839117050170898e-01
5.215014219284057617e-01 7.097033262252807617e-01
5.210163593292236328e-01 7.088233232498168945e-01
5.227401256561279297e-01 7.119213342666625977e-01
5.207901000976562500e-01 7.083981037139892578e-01
5.234195590019226074e-01 7.129305601119995117e-01
5.206086635589599609e-01 7.081071138381958008e-01
5.252664089202880859e-01 7.204242944717407227e-01
5.304554104804992676e-01 7.212340831756591797e-01
5.207417011260986328e-01 7.084455490112304688e-01
5.414764881134033203e-01 7.238169908523559570e-01
5.357424020767211914e-01 7.258223295211791992e-01
5.532873868942260742e-01 7.191611528396606445e-01
5.397078990936279297e-01 7.249406576156616211e-01
5.463723540306091309e-01 7.280251979827880859e-01
5.309682488441467285e-01 7.094717025756835938e-01
5.340788960456848145e-01 6.882843971252441406e-01
5.150414109230041504e-01 7.102363109588623047e-01
4.383434951305389404e-01 4.515476524829864502e-01
4.391752183437347412e-01 4.523650705814361572e-01
4.381916224956512451e-01 4.513785541057586670e-01
4.386052787303924561e-01 4.518267810344696045e-01
4.424602687358856201e-01 4.511552155017852783e-01
4.382570683956146240e-01 4.514969289302825928e-01
4.473254382610321045e-01 4.501549899578094482e-01
4.380015432834625244e-01 4.511732757091522217e-01
4.507489502429962158e-01 4.554319679737091064e-01
4.550790488719940186e-01 4.484296143054962158e-01
4.381794631481170654e-01 4.513479173183441162e-01
4.648539125919342041e-01 4.491567909717559814e-01
4.731428921222686768e-01 4.514797627925872803e-01
4.726202189922332764e-01 4.510478079319000244e-01
4.708041846752166748e-01 4.438374340534210205e-01
4.723097383975982666e-01 4.494912326335906982e-01
4.680884778499603271e-01 4.327647387981414795e-01
4.726099073886871338e-01 4.385189712047576904e-01
4.663980305194854736e-01 4.409392178058624268e-01
4.691936671733856201e-01 4.343073070049285889e-01
4.755230247974395752e-01 4.324631392955780029e-01
4.740479290485382080e-01 4.377186000347137451e-01
4.992720782756805420e-01 3.623774945735931396e-01
4.775013625621795654e-01 3.685785233974456787e-01
4.778076112270355225e-01 3.691059648990631104e-01
4.991130530834197998e-01 3.623934090137481689e-01
5.033680796623229980e-01 3.621288836002349854e-01
5.191443562507629395e-01 3.259749710559844971e-01
5.207361578941345215e-01 3.275495171546936035e-01
5.262463688850402832e-01 3.316994011402130127e-01
5.125310420989990234e-01 3.612760603427886963e-01
5.044901371002197266e-01 3.609815537929534912e-01
4.993789494037628174e-01 3.640144765377044678e-01
4.837211668491363525e-01 3.705969750881195068e-01
4.831677973270416260e-01 3.884959518909454346e-01
4.763304293155670166e-01 3.887201845645904541e-01
4.701323807239532471e-01 3.941344916820526123e-01
4.663695991039276123e-01 3.967943489551544189e-01
4.684397280216217041e-01 4.025231897830963135e-01
4.718293845653533936e-01 3.996639549732208252e-01
4.685218036174774170e-01 3.991086184978485107e-01
4.721669852733612061e-01 3.858896195888519287e-01
4.700198471546173096e-01 3.815782964229583740e-01
4.721288383007049561e-01 3.822971284389495850e-01
4.918030202388763428e-01 4.301574528217315674e-01
4.915057122707366943e-01 4.490207731723785400e-01
4.909283220767974854e-01 4.485591351985931396e-01
4.942082464694976807e-01 4.287634193897247314e-01
4.915194213390350342e-01 4.308571517467498779e-01
4.926186501979827881e-01 4.300544559955596924e-01
4.917410314083099365e-01 4.307048022747039795e-01
4.828837215900421143e-01 4.305845201015472412e-01
4.824469387531280518e-01 4.293471276760101318e-01
4.839414060115814209e-01 4.322942793369293213e-01
4.861044585704803467e-01 4.318079650402069092e-01
4.960670173168182373e-01 4.286027252674102783e-01
4.964772164821624756e-01 4.320869743824005127e-01
4.892662465572357178e-01 4.411380589008331299e-01
4.857440888881683350e-01 4.450809061527252197e-01
4.882962405681610107e-01 4.481337964534759521e-01
4.908822476863861084e-01 4.508350789546966553e-01
4.914659559726715088e-01 4.308798611164093018e-01
4.778462350368499756e-01 4.398126900196075439e-01
4.790705740451812744e-01 4.388737380504608154e-01
4.783008396625518799e-01 4.433143436908721924e-01
4.777669608592987061e-01 4.441522061824798584e-01
4.666215479373931885e-01 3.697644174098968506e-01
4.693250954151153564e-01 3.741662204265594482e-01
4.853092730045318604e-01 4.439379274845123291e-01
4.857678115367889404e-01 4.437567293643951416e-01
4.859823286533355713e-01 4.436593949794769287e-01
4.856761991977691650e-01 4.438127577304840088e-01
4.890804588794708252e-01 4.398841559886932373e-01
4.852431118488311768e-01 4.439797103404998779e-01
4.868498742580413818e-01 4.431020319461822510e-01
4.855975806713104248e-01 4.438350498676300049e-01
4.875275194644927979e-01 4.425465166568756104e-01
4.661060869693756104e-01 3.697080314159393311e-01
4.655616581439971924e-01 3.691661655902862549e-01
4.661484658718109131e-01 3.698110282421112061e-01
4.868986904621124268e-01 4.430460035800933838e-01
4.865041077136993408e-01 4.433561861515045166e-01
5.028184652328491211e-01 2.974154055118560791e-01
5.027174949645996094e-01 2.906927764415740967e-01
5.075668692588806152e-01 2.955491840839385986e-01
4.725299775600433350e-01 3.116127848625183105e-01
4.744987189769744873e-01 3.178293704986572266e-01
4.722870290279388428e-01 3.375316858291625977e-01
