3.477700054645538330e-01 1.146199941635131836e+00
3.350799977779388428e-01 1.123200058937072754e+00
3.225199878215789795e-01 1.098099946975708008e+00
3.444899916648864746e-01 9.893299937248229980e-01
3.175899982452392578e-01 1.087299942970275879e+00
3.139300048351287842e-01 1.079300045967102051e+00
3.121399879455566406e-01 1.067600011825561523e+00
2.358800023794174194e-01 5.542200207710266113e-01
3.158900141716003418e-01 1.070600032806396484e+00
2.945300042629241943e-01 1.031100034713745117e+00
2.907699942588806152e-01 1.023599982261657715e+00
2.891399860382080078e-01 1.022300004959106445e+00
2.565099895000457764e-01 9.753999710083007812e-01
2.562699913978576660e-01 9.756100177764892578e-01
2.398300021886825562e-01 7.656300067901611328e-01
2.385700047016143799e-01 7.613599896430969238e-01
2.413900047540664673e-01 8.862699866294860840e-01
2.503899931907653809e-01 9.092900156974792480e-01
2.579799890518188477e-01 9.294300079345703125e-01
2.877700030803680420e-01 1.006100058555603027e+00
2.856099903583526611e-01 1.003700017929077148e+00
2.856700122356414795e-01 9.992100000381469727e-01
4.917199909687042236e-01 7.198799848556518555e-01
4.911099970340728760e-01 7.198600172996520996e-01
4.914799928665161133e-01 7.208799719810485840e-01
4.896599948406219482e-01 7.215999960899353027e-01
4.890899956226348877e-01 7.243199944496154785e-01
4.912799894809722900e-01 5.576800107955932617e-01
5.153700113296508789e-01 6.657599806785583496e-01
5.146200060844421387e-01 6.659100055694580078e-01
5.137199759483337402e-01 6.688399910926818848e-01
5.122799873352050781e-01 6.700800061225891113e-01
5.019900202751159668e-01 6.720299720764160156e-01
4.598500132560729980e-01 7.569400072097778320e-01
4.588400125503540039e-01 7.500699758529663086e-01
4.576700031757354736e-01 7.476199865341186523e-01
4.567100107669830322e-01 7.444000244140625000e-01
4.557799994945526123e-01 7.462900280952453613e-01
5.449000000953674316e-01 6.557199954986572266e-01
5.411499738693237305e-01 6.594600081443786621e-01
5.384699702262878418e-01 6.312699913978576660e-01
5.409700274467468262e-01 6.099699735641479492e-01
5.386000275611877441e-01 6.146600246429443359e-01
5.528200268745422363e-01 6.223700046539306641e-01
4.800600111484527588e-01 3.907000124454498291e-01
4.802500009536743164e-01 3.914699852466583252e-01
4.404900074005126953e-01 4.366100132465362549e-01
4.400500059127807617e-01 4.365600049495697021e-01
4.395999908447265625e-01 4.380399882793426514e-01
4.391300082206726074e-01 4.381699860095977783e-01
4.387699961662292480e-01 4.383899867534637451e-01
4.469799995422363281e-01 4.160999953746795654e-01
4.560100138187408447e-01 4.177100062370300293e-01
4.555400013923645020e-01 4.181399941444396973e-01
4.554600119590759277e-01 4.216699898242950439e-01
4.232600033283233643e-01 4.592899978160858154e-01
4.253000020980834961e-01 4.592300057411193848e-01
4.320699870586395264e-01 4.594100117683410645e-01
4.399299919605255127e-01 4.382899999618530273e-01
4.563399851322174072e-01 4.280099868774414062e-01
4.574500024318695068e-01 4.299699962139129639e-01
4.585399925708770752e-01 4.356800019741058350e-01
4.743100106716156006e-01 4.102799892425537109e-01
4.677500128746032715e-01 4.105300009250640869e-01
4.666399955749511719e-01 4.103299975395202637e-01
4.659399986267089844e-01 4.088700115680694580e-01
5.716699957847595215e-01 4.216699898242950439e-01
5.722900032997131348e-01 4.199000000953674316e-01
5.659599900245666504e-01 4.381299912929534912e-01
5.340800285339355469e-01 4.146400094032287598e-01
5.331400036811828613e-01 4.147099852561950684e-01
5.340999960899353027e-01 4.166299998760223389e-01
5.341299772262573242e-01 4.169700145721435547e-01
5.328999757766723633e-01 4.160099923610687256e-01
5.325800180435180664e-01 4.167700111865997314e-01
5.329700112342834473e-01 4.174000024795532227e-01
5.298299789428710938e-01 3.834300041198730469e-01
5.290099978446960449e-01 3.828099966049194336e-01
5.291299819946289062e-01 3.822900056838989258e-01
5.295699834823608398e-01 3.838599920272827148e-01
5.390800237655639648e-01 4.048300087451934814e-01
5.481100082397460938e-01 4.111000001430511475e-01
5.492799878120422363e-01 4.119899868965148926e-01
5.507599711418151855e-01 4.064199924468994141e-01
5.563700199127197266e-01 3.728500008583068848e-01
5.679799914360046387e-01 3.731200098991394043e-01
5.691800117492675781e-01 3.729700148105621338e-01
5.700700283050537109e-01 3.729799985885620117e-01
4.595499932765960693e-01 2.783800065517425537e-01
4.811199903488159180e-01 2.781200110912322998e-01
4.853000044822692871e-01 2.810499966144561768e-01
4.682599902153015137e-01 2.848500013351440430e-01
4.903799891471862793e-01 2.792600095272064209e-01
4.932900071144104004e-01 2.801699936389923096e-01
5.072799921035766602e-01 2.903000116348266602e-01
5.364300012588500977e-01 2.762799859046936035e-01
5.846499800682067871e-01 2.724199891090393066e-01
3.818199932575225830e-01 2.815299928188323975e-01
3.932299911975860596e-01 2.855800092220306396e-01
4.210300147533416748e-01 3.005200028419494629e-01
5.527999997138977051e-01 2.747499942779541016e-01
5.560700297355651855e-01 2.738299965858459473e-01
5.517699718475341797e-01 2.751100063323974609e-01
5.007799863815307617e-01 2.865799963474273682e-01
4.970000088214874268e-01 2.879999876022338867e-01
5.297300219535827637e-01 2.816199958324432373e-01
5.549200177192687988e-01 2.714299857616424561e-01
4.264000058174133301e-01 2.718800008296966553e-01
4.248299896717071533e-01 2.740800082683563232e-01
4.396499991416931152e-01 2.795200049877166748e-01
5.008299946784973145e-01 3.283599913120269775e-01
5.027599930763244629e-01 3.286300003528594971e-01
5.027999877929687500e-01 3.281700015068054199e-01
5.096300244331359863e-01 3.239899873733520508e-01
5.010100007057189941e-01 3.151099979877471924e-01
5.006399750709533691e-01 3.144200146198272705e-01
5.009400248527526855e-01 3.153100013732910156e-01
5.004699826240539551e-01 3.178299963474273682e-01
5.013200044631958008e-01 3.174400031566619873e-01
5.010100007057189941e-01 3.190099895000457764e-01
4.981400072574615479e-01 3.095200061798095703e-01
5.024099946022033691e-01 3.135100007057189941e-01
5.013399720191955566e-01 3.170599937438964844e-01
5.016199946403503418e-01 3.030799925327301025e-01
5.018100142478942871e-01 3.043400049209594727e-01
5.022100210189819336e-01 3.007299900054931641e-01
5.076799988746643066e-01 3.061800003051757812e-01
5.084699988365173340e-01 2.864400148391723633e-01
5.087599754333496094e-01 2.861100137233734131e-01
5.034000277519226074e-01 2.767899930477142334e-01
5.021299719810485840e-01 2.765200138092041016e-01
5.031300187110900879e-01 2.768999934196472168e-01
5.199699997901916504e-01 5.846800208091735840e-01
4.806100130081176758e-01 5.911300182342529297e-01
4.712699949741363525e-01 6.041200160980224609e-01
4.723899960517883301e-01 6.049500107765197754e-01
4.857999980449676514e-01 4.150699973106384277e-01
4.873200058937072754e-01 4.265500009059906006e-01
5.263900160789489746e-01 7.225700020790100098e-01
5.274599790573120117e-01 7.246199846267700195e-01
5.293099880218505859e-01 7.257500290870666504e-01
5.293599963188171387e-01 7.242500185966491699e-01
5.289000272750854492e-01 7.217500209808349609e-01
5.280200242996215820e-01 6.725299954414367676e-01
5.285199880599975586e-01 6.718900203704833984e-01
5.286300182342529297e-01 6.727899909019470215e-01
5.290399789810180664e-01 6.731500029563903809e-01
5.288699865341186523e-01 6.706799864768981934e-01
5.282899737358093262e-01 6.712800264358520508e-01
5.288900136947631836e-01 6.698399782180786133e-01
5.290499925613403320e-01 6.700599789619445801e-01
5.009999871253967285e-01 6.707199811935424805e-01
5.189599990844726562e-01 5.881999731063842773e-01
5.198699831962585449e-01 5.928099751472473145e-01
1.753800064325332642e-01 4.266600012779235840e-01
1.754000037908554077e-01 4.267300069332122803e-01
1.738999933004379272e-01 4.264500141143798828e-01
1.744399964809417725e-01 4.278199970722198486e-01
1.727100014686584473e-01 4.172900021076202393e-01
4.208100140094757080e-01 3.409599959850311279e-01
4.236400127410888672e-01 3.420499861240386963e-01
4.311099946498870850e-01 3.530600070953369141e-01
4.066599905490875244e-01 3.356400132179260254e-01
5.111700296401977539e-01 4.441699981689453125e-01
5.115600228309631348e-01 4.390200078487396240e-01
5.080599784851074219e-01 4.289000034332275391e-01
5.061200261116027832e-01 4.215900003910064697e-01
5.042300224304199219e-01 4.149599969387054443e-01
5.041700005531311035e-01 4.109300076961517334e-01
5.042200088500976562e-01 4.068399965763092041e-01
4.335100054740905762e-01 3.691999912261962891e-01
4.359599947929382324e-01 3.727999925613403320e-01
5.566300153732299805e-01 2.590799927711486816e-01
3.692899942398071289e-01 3.694500029087066650e-01
3.723300099372863770e-01 3.742499947547912598e-01
3.720900118350982666e-01 3.752300143241882324e-01
5.587400197982788086e-01 6.830800175666809082e-01
5.588899850845336914e-01 6.837300062179565430e-01
5.589799880981445312e-01 6.841300129890441895e-01
5.819600224494934082e-01 7.069299817085266113e-01
5.804200172424316406e-01 7.078499794006347656e-01
5.761399865150451660e-01 7.090700268745422363e-01
5.781599879264831543e-01 7.039499878883361816e-01
5.727000236511230469e-01 7.046700119972229004e-01
5.664799809455871582e-01 7.075399756431579590e-01
5.649300217628479004e-01 7.087299823760986328e-01
5.648599863052368164e-01 7.089800238609313965e-01
5.621299743652343750e-01 7.052900195121765137e-01
5.619400143623352051e-01 7.048699855804443359e-01
5.620599985122680664e-01 7.046700119972229004e-01
5.619400143623352051e-01 7.042700052261352539e-01
5.560700297355651855e-01 7.052400112152099609e-01
5.560299754142761230e-01 7.035199999809265137e-01
5.663400292396545410e-01 7.069699764251708984e-01
5.665500164031982422e-01 7.046700119972229004e-01
5.658900141716003418e-01 7.017099857330322266e-01
5.646600127220153809e-01 6.987400054931640625e-01
5.645800232887268066e-01 6.970599889755249023e-01
5.410500168800354004e-01 3.243199884891510010e-01
5.380600094795227051e-01 3.258399963378906250e-01
5.420399904251098633e-01 3.366099894046783447e-01
5.436800122261047363e-01 3.384400010108947754e-01
5.443099737167358398e-01 3.454099893569946289e-01
5.425699949264526367e-01 3.490900099277496338e-01
5.446699857711791992e-01 3.530600070953369141e-01
5.422999858856201172e-01 3.572300076484680176e-01
5.324599742889404297e-01 3.770900070667266846e-01
4.662300050258636475e-01 4.253599941730499268e-01
4.657599925994873047e-01 4.241699874401092529e-01
3.981899917125701904e-01 5.456600189208984375e-01
3.469600081443786621e-01 6.077299714088439941e-01
4.489699900150299072e-01 4.971500039100646973e-01
4.571700096130371094e-01 4.908199906349182129e-01
4.606299996376037598e-01 4.975799918174743652e-01
5.222200155258178711e-01 3.443900048732757568e-01
5.260900259017944336e-01 3.453899919986724854e-01
5.300700068473815918e-01 3.531199991703033447e-01
5.331100225448608398e-01 3.510499894618988037e-01
5.350199937820434570e-01 3.503000140190124512e-01
5.368499755859375000e-01 3.531199991703033447e-01
5.958399772644042969e-01 2.120600044727325439e-01
6.061699986457824707e-01 2.099100053310394287e-01
6.070899963378906250e-01 2.141299992799758911e-01
4.530799984931945801e-01 4.638600051403045654e-01
4.562500119209289551e-01 4.569100141525268555e-01
4.571200013160705566e-01 4.542300105094909668e-01
4.576300084590911865e-01 4.283699989318847656e-01
5.049800276756286621e-01 4.375999867916107178e-01
6.213200092315673828e-01 3.958199918270111084e-01
5.881999731063842773e-01 4.086700081825256348e-01
5.875399708747863770e-01 4.095399975776672363e-01
5.877199769020080566e-01 4.088200032711029053e-01
5.126699805259704590e-01 3.349399864673614502e-01
5.319200158119201660e-01 2.627699971199035645e-01
5.321900248527526855e-01 2.635000050067901611e-01
5.315999984741210938e-01 2.622900009155273438e-01
5.250399708747863770e-01 3.431800007820129395e-01
5.259299874305725098e-01 3.394100069999694824e-01
4.758299887180328369e-01 3.795099854469299316e-01
5.212500095367431641e-01 3.710100054740905762e-01
5.266799926757812500e-01 3.717400133609771729e-01
5.365499854087829590e-01 3.982000052928924561e-01
6.281099915504455566e-01 6.359400153160095215e-01
6.269900202751159668e-01 6.367300152778625488e-01
6.259899735450744629e-01 6.355900168418884277e-01
6.256300210952758789e-01 6.351500153541564941e-01
6.247900128364562988e-01 6.363999843597412109e-01
6.486200094223022461e-01 6.272500157356262207e-01
6.640499830245971680e-01 6.286900043487548828e-01
6.639599800109863281e-01 6.278300285339355469e-01
6.642600297927856445e-01 6.286600232124328613e-01
5.907999873161315918e-01 6.176400184631347656e-01
5.906100273132324219e-01 6.184599995613098145e-01
5.933600068092346191e-01 6.267799735069274902e-01
6.190800070762634277e-01 6.344100236892700195e-01
6.191400289535522461e-01 6.341000199317932129e-01
6.191200017929077148e-01 6.343600153923034668e-01
6.190500259399414062e-01 6.348000168800354004e-01
3.804500102996826172e-01 5.916399955749511719e-01
3.827399909496307373e-01 5.915700197219848633e-01
3.828600049018859863e-01 5.925300121307373047e-01
3.810800015926361084e-01 5.938299894332885742e-01
3.818799853324890137e-01 5.936200022697448730e-01
4.256699979305267334e-01 6.015899777412414551e-01
5.901299715042114258e-01 5.908899903297424316e-01
5.907099843025207520e-01 5.923500061035156250e-01
4.477399885654449463e-01 7.825499773025512695e-01
4.652299880981445312e-01 7.833899855613708496e-01
4.652999937534332275e-01 7.887099981307983398e-01
4.690999984741210938e-01 7.838500142097473145e-01
4.689100086688995361e-01 8.193799853324890137e-01
4.734100103378295898e-01 7.830500006675720215e-01
4.647800028324127197e-01 7.981799840927124023e-01
4.641999900341033936e-01 8.022999763488769531e-01
4.636999964714050293e-01 8.040000200271606445e-01
4.637100100517272949e-01 8.019899725914001465e-01
4.644800126552581787e-01 8.004299998283386230e-01
4.640800058841705322e-01 8.007599711418151855e-01
4.724200069904327393e-01 8.115400075912475586e-01
4.702900052070617676e-01 8.122400045394897461e-01
4.693900048732757568e-01 8.108599781990051270e-01
4.687699973583221436e-01 8.114200234413146973e-01
4.665400087833404541e-01 8.138599991798400879e-01
4.678199887275695801e-01 8.103500008583068848e-01
4.699499905109405518e-01 8.605999946594238281e-01
4.663999974727630615e-01 8.157899975776672363e-01
6.198700144886970520e-02 7.508999705314636230e-01
5.911700055003166199e-02 7.516599893569946289e-01
7.947299629449844360e-02 7.049599885940551758e-01
8.365000039339065552e-02 6.617599725723266602e-01
2.768100053071975708e-02 7.147099971771240234e-01
8.482500165700912476e-02 7.279800176620483398e-01
2.957000024616718292e-02 7.532399892807006836e-01
6.204500049352645874e-02 7.182999849319458008e-01
1.272599995136260986e-01 6.734799742698669434e-01
1.266900002956390381e-01 6.756799817085266113e-01
1.343699991703033447e-01 6.731100082397460938e-01
8.243600279092788696e-02 6.943699717521667480e-01
3.033999912440776825e-02 7.208499908447265625e-01
1.088100001215934753e-01 6.725100278854370117e-01
8.472499996423721313e-02 7.244899868965148926e-01
1.552699953317642212e-01 6.542999744415283203e-01
1.482699960470199585e-01 6.607999801635742188e-01
1.471299976110458374e-01 6.133099794387817383e-01
9.014300256967544556e-02 6.934499740600585938e-01
5.468599870800971985e-02 7.542499899864196777e-01
6.831400096416473389e-02 7.232699990272521973e-01
6.189699843525886536e-02 7.245200276374816895e-01
4.094499945640563965e-01 2.273200005292892456e-01
4.117600023746490479e-01 2.261299937963485718e-01
5.205900073051452637e-01 2.193100005388259888e-01
5.225099921226501465e-01 1.694200038909912109e-01
4.688700139522552490e-01 1.824900060892105103e-01
4.691700041294097900e-01 1.939300000667572021e-01
5.244600176811218262e-01 3.287400007247924805e-01
4.541999995708465576e-01 2.176599949598312378e-01
4.511199891567230225e-01 2.749800086021423340e-01
4.547500014305114746e-01 2.779900133609771729e-01
4.422000050544738770e-01 3.380799889564514160e-01
4.311499893665313721e-01 3.128400146961212158e-01
4.253000020980834961e-01 3.672600090503692627e-01
4.224500060081481934e-01 3.732500076293945312e-01
4.344100058078765869e-01 3.234699964523315430e-01
4.870199859142303467e-01 3.739100098609924316e-01
4.813199937343597412e-01 3.945100009441375732e-01
5.021899938583374023e-01 3.738299906253814697e-01
4.921399950981140137e-01 3.838100135326385498e-01
4.646100103855133057e-01 4.149599969387054443e-01
4.592599868774414062e-01 4.470199942588806152e-01
4.660199880599975586e-01 4.059999883174896240e-01
4.262300133705139160e-01 6.657099723815917969e-01
4.196499884128570557e-01 6.620000004768371582e-01
4.080899953842163086e-01 6.628800034523010254e-01
5.340999960899353027e-01 5.586900115013122559e-01
4.893800020217895508e-01 6.588299870491027832e-01
4.863199889659881592e-01 6.623600125312805176e-01
4.882099926471710205e-01 7.045199871063232422e-01
5.010300278663635254e-01 7.678300142288208008e-01
5.022600293159484863e-01 7.595999836921691895e-01
5.443099737167358398e-01 5.755800008773803711e-01
4.592199921607971191e-01 6.594700217247009277e-01
5.598899722099304199e-01 6.960499882698059082e-01
3.909099996089935303e-01 7.810400128364562988e-01
3.696399927139282227e-01 6.891300082206726074e-01
3.780300021171569824e-01 6.323000192642211914e-01
4.231399893760681152e-01 7.161999940872192383e-01
4.429799914360046387e-01 7.322700023651123047e-01
4.836499989032745361e-01 6.982700228691101074e-01
5.249699950218200684e-01 6.912299990653991699e-01
5.239499807357788086e-01 7.308499813079833984e-01
5.189499855041503906e-01 7.552499771118164062e-01
5.107300281524658203e-01 7.516599893569946289e-01
5.499600172042846680e-01 7.543200254440307617e-01
5.498800277709960938e-01 7.553099989891052246e-01
5.500400066375732422e-01 7.581400275230407715e-01
5.637800097465515137e-01 7.456600069999694824e-01
5.633999705314636230e-01 7.446200251579284668e-01
5.630699992179870605e-01 7.428900003433227539e-01
5.632200241088867188e-01 7.433800101280212402e-01
5.630300045013427734e-01 7.433099746704101562e-01
5.676900148391723633e-01 7.427899837493896484e-01
5.691599845886230469e-01 7.459800243377685547e-01
5.693799853324890137e-01 7.497900128364562988e-01
5.712000131607055664e-01 7.501500248908996582e-01
5.714899897575378418e-01 7.428699731826782227e-01
5.710499882698059082e-01 7.251099944114685059e-01
5.711899995803833008e-01 7.210299968719482422e-01
5.707200169563293457e-01 7.167800068855285645e-01
5.691000223159790039e-01 7.126200199127197266e-01
5.749099850654602051e-01 7.022200226783752441e-01
5.744100213050842285e-01 6.990200281143188477e-01
5.737400054931640625e-01 6.989700198173522949e-01
5.736399888992309570e-01 6.984999775886535645e-01
5.733100175857543945e-01 6.978200078010559082e-01
4.922600090503692627e-01 2.986100018024444580e-01
4.925999939441680908e-01 2.979499995708465576e-01
5.732200145721435547e-01 2.928699851036071777e-01
5.737699866294860840e-01 2.889899909496307373e-01
6.174899935722351074e-01 3.121899962425231934e-01
6.096199750900268555e-01 2.168000042438507080e-01
6.090800166130065918e-01 2.161300033330917358e-01
4.912399947643280029e-01 6.726199984550476074e-01
4.282299876213073730e-01 3.444199860095977783e-01
4.256199896335601807e-01 3.446899950504302979e-01
4.641099870204925537e-01 3.611699938774108887e-01
5.023099780082702637e-01 2.990800142288208008e-01
4.970299899578094482e-01 2.968499958515167236e-01
5.052700042724609375e-01 1.560100018978118896e-01
5.660399794578552246e-01 2.448000013828277588e-01
5.705000162124633789e-01 4.018999934196472168e-01
4.954600036144256592e-01 4.201999902725219727e-01
4.985800087451934814e-01 4.222599864006042480e-01
5.061500072479248047e-01 3.916400074958801270e-01
5.049200057983398438e-01 3.876900076866149902e-01
5.082100033760070801e-01 3.806900084018707275e-01
5.005499720573425293e-01 2.107799947261810303e-01
5.726799964904785156e-01 4.441199898719787598e-01
5.721200108528137207e-01 4.437600076198577881e-01
5.466399788856506348e-01 4.549500048160552979e-01
5.509399771690368652e-01 4.553200006484985352e-01
5.729600191116333008e-01 5.292000174522399902e-01
5.278199911117553711e-01 4.455600082874298096e-01
5.262799859046936035e-01 4.447399973869323730e-01
5.259500145912170410e-01 4.438799917697906494e-01
5.162500143051147461e-01 4.389800131320953369e-01
5.095400214195251465e-01 4.372000098228454590e-01
5.098400115966796875e-01 4.368399977684020996e-01
5.277799963951110840e-01 4.563399851322174072e-01
5.284100174903869629e-01 4.579899907112121582e-01
5.264700055122375488e-01 4.497100114822387695e-01
5.272700190544128418e-01 4.478299915790557861e-01
5.421100258827209473e-01 4.493899941444396973e-01
5.416600108146667480e-01 4.491299986839294434e-01
5.429999828338623047e-01 4.508599936962127686e-01
5.628799796104431152e-01 4.446800053119659424e-01
5.627700090408325195e-01 4.493499994277954102e-01
5.624899864196777344e-01 4.489499926567077637e-01
5.621200203895568848e-01 4.485200047492980957e-01
5.601900219917297363e-01 3.698599934577941895e-01
5.569499731063842773e-01 3.772999942302703857e-01
5.565500259399414062e-01 3.723300099372863770e-01
5.565000176429748535e-01 3.795000016689300537e-01
5.554299950599670410e-01 4.220800101757049561e-01
5.563300251960754395e-01 3.810899853706359863e-01
5.549799799919128418e-01 3.714799880981445312e-01
5.564600229263305664e-01 3.646099865436553955e-01
5.644000172615051270e-01 3.821899890899658203e-01
5.641999840736389160e-01 3.809100091457366943e-01
5.654000043869018555e-01 3.781799972057342529e-01
5.583500266075134277e-01 3.846600055694580078e-01
5.847799777984619141e-01 3.503499925136566162e-01
4.872899949550628662e-01 3.580000102519989014e-01
3.590700030326843262e-01 4.082399904727935791e-01
3.831799924373626709e-01 4.065900146961212158e-01
3.764599859714508057e-01 4.076899886131286621e-01
3.758499920368194580e-01 4.159100055694580078e-01
3.644199967384338379e-01 3.598099946975708008e-01
4.160400032997131348e-01 3.956300020217895508e-01
4.163500070571899414e-01 3.948000073432922363e-01
4.172100126743316650e-01 3.990800082683563232e-01
4.684199988842010498e-01 5.756700038909912109e-01
4.683699905872344971e-01 5.831400156021118164e-01
4.658200144767761230e-01 5.872399806976318359e-01
3.902699947357177734e-01 4.697999954223632812e-01
3.992100059986114502e-01 4.719899892807006836e-01
4.379700124263763428e-01 4.782800078392028809e-01
4.393100142478942871e-01 4.860300123691558838e-01
4.699800014495849609e-01 5.233600139617919922e-01
4.524100124835968018e-01 6.014500260353088379e-01
5.146600008010864258e-01 5.535399913787841797e-01
5.257800221443176270e-01 5.341600179672241211e-01
4.880099892616271973e-01 5.502899885177612305e-01
4.819200038909912109e-01 5.468999743461608887e-01
4.805000126361846924e-01 5.446699857711791992e-01
4.766399860382080078e-01 5.494099855422973633e-01
4.728100001811981201e-01 5.575000047683715820e-01
4.997799992561340332e-01 5.667600035667419434e-01
4.888100028038024902e-01 5.765699744224548340e-01
4.851500093936920166e-01 5.748599767684936523e-01
4.648599922657012939e-01 5.804799795150756836e-01
4.619399905204772949e-01 5.798100233078002930e-01
4.604600071907043457e-01 5.797399878501892090e-01
5.429499745368957520e-01 5.439500212669372559e-01
3.792299926280975342e-01 5.714700222015380859e-01
3.802399933338165283e-01 5.678700208663940430e-01
3.803699910640716553e-01 5.617499947547912598e-01
5.325400233268737793e-01 5.384299755096435547e-01
5.328099727630615234e-01 5.371599793434143066e-01
5.263000130653381348e-01 5.495100021362304688e-01
5.246099829673767090e-01 5.495100021362304688e-01
5.221999883651733398e-01 5.526099801063537598e-01
5.229700207710266113e-01 5.421500205993652344e-01
5.238900184631347656e-01 5.366799831390380859e-01
4.041300117969512939e-01 5.528699755668640137e-01
3.989399969577789307e-01 5.523499846458435059e-01
3.853000104427337646e-01 5.526999831199645996e-01
3.859399855136871338e-01 5.475999712944030762e-01
3.861300051212310791e-01 5.506100058555603027e-01
3.847999870777130127e-01 5.528600215911865234e-01
3.832499980926513672e-01 5.487099885940551758e-01
3.815500140190124512e-01 5.468500256538391113e-01
3.800399899482727051e-01 5.442900061607360840e-01
3.823100030422210693e-01 5.455700159072875977e-01
3.842099905014038086e-01 5.464800000190734863e-01
6.183999776840209961e-01 4.746200144290924072e-01
5.681200027465820312e-01 7.864300012588500977e-01
5.666300058364868164e-01 7.846000194549560547e-01
6.014400124549865723e-01 6.417300105094909668e-01
5.200099945068359375e-01 4.883399903774261475e-01
5.096399784088134766e-01 4.427900016307830811e-01
5.297799706459045410e-01 4.528000056743621826e-01
5.266299843788146973e-01 4.362399876117706299e-01
5.378599762916564941e-01 4.363699853420257568e-01
5.611600279808044434e-01 4.515500068664550781e-01
5.661000013351440430e-01 4.462800025939941406e-01
5.626099705696105957e-01 4.302499890327453613e-01
5.631600022315979004e-01 7.207900285720825195e-01
5.485000014305114746e-01 5.275400280952453613e-01
5.064399838447570801e-01 5.307700037956237793e-01
5.257400274276733398e-01 5.322099924087524414e-01
5.279800295829772949e-01 5.275599956512451172e-01
5.310199856758117676e-01 6.596599817276000977e-01
5.312100052833557129e-01 6.625400185585021973e-01
5.310999751091003418e-01 6.632599830627441406e-01
5.305899977684020996e-01 6.614000201225280762e-01
5.303800106048583984e-01 6.611999869346618652e-01
4.757699966430664062e-01 5.051400065422058105e-01
4.785099923610687256e-01 5.096700191497802734e-01
4.803299903869628906e-01 5.129799842834472656e-01
4.812900125980377197e-01 4.855599999427795410e-01
4.804399907588958740e-01 4.867900013923645020e-01
5.018600225448608398e-01 4.792000055313110352e-01
5.035499930381774902e-01 4.814600050449371338e-01
5.685799717903137207e-01 7.191600203514099121e-01
5.678600072860717773e-01 7.213199734687805176e-01
5.672699809074401855e-01 7.220299839973449707e-01
5.703099966049194336e-01 7.195100188255310059e-01
5.854799747467041016e-01 6.678699851036071777e-01
5.850200057029724121e-01 6.682000160217285156e-01
5.853199958801269531e-01 6.692500114440917969e-01
5.860900282859802246e-01 6.686699986457824707e-01
5.029100179672241211e-01 6.250100135803222656e-01
4.518600106239318848e-01 5.871300101280212402e-01
5.739099979400634766e-01 7.846999764442443848e-01
5.708900094032287598e-01 7.864599823951721191e-01
5.663300156593322754e-01 7.884500026702880859e-01
4.988900125026702881e-01 7.831599712371826172e-01
4.989599883556365967e-01 7.853099703788757324e-01
5.036399960517883301e-01 8.725000023841857910e-01
5.037599802017211914e-01 8.728399872779846191e-01
5.041000247001647949e-01 8.760799765586853027e-01
5.043699741363525391e-01 8.793600201606750488e-01
5.044599771499633789e-01 8.812500238418579102e-01
5.044999718666076660e-01 8.820300102233886719e-01
5.046399831771850586e-01 8.820599913597106934e-01
5.049200057983398438e-01 8.817800283432006836e-01
3.841300010681152344e-01 6.709899902343750000e-01
3.486999869346618652e-01 8.228300213813781738e-01
3.512200117111206055e-01 8.202400207519531250e-01
3.563799858093261719e-01 8.194500207901000977e-01
3.585200011730194092e-01 8.207499980926513672e-01
3.636499941349029541e-01 7.664499878883361816e-01
3.717400133609771729e-01 7.949399948120117188e-01
4.634299874305725098e-01 7.457900047302246094e-01
4.638499915599822998e-01 7.448700070381164551e-01
4.637500047683715820e-01 7.437000274658203125e-01
4.627200067043304443e-01 7.426099777221679688e-01
4.613299965858459473e-01 7.422800064086914062e-01
4.610300064086914062e-01 7.437199950218200684e-01
4.633100032806396484e-01 7.479599714279174805e-01
4.736599922180175781e-01 2.910700142383575439e-01
4.735899865627288818e-01 2.903800010681152344e-01
4.734100103378295898e-01 2.887400090694427490e-01
4.736100137233734131e-01 2.877900004386901855e-01
4.735400080680847168e-01 2.896400094032287598e-01
4.726499915122985840e-01 2.923200130462646484e-01
4.726000130176544189e-01 2.887600064277648926e-01
4.811199903488159180e-01 3.105799853801727295e-01
4.812299907207489014e-01 3.094600141048431396e-01
4.813799858093261719e-01 3.082000017166137695e-01
4.822300076484680176e-01 3.075799942016601562e-01
4.822100102901458740e-01 3.083600103855133057e-01
4.827199876308441162e-01 3.099800050258636475e-01
4.836100041866302490e-01 3.107100129127502441e-01
4.839099943637847900e-01 3.098500072956085205e-01
4.839099943637847900e-01 3.088699877262115479e-01
4.839499890804290771e-01 3.036600053310394287e-01
4.834699928760528564e-01 3.079499900341033936e-01
4.734799861907958984e-01 3.041799962520599365e-01
4.898000061511993408e-01 2.899099886417388916e-01
4.897600114345550537e-01 2.878699898719787598e-01
4.894500076770782471e-01 2.862400114536285400e-01
6.639000177383422852e-01 6.047599911689758301e-01
6.641700267791748047e-01 6.050000190734863281e-01
6.641700267791748047e-01 6.061099767684936523e-01
5.301600098609924316e-01 5.754200220108032227e-01
5.254200100898742676e-01 5.922600030899047852e-01
5.260900259017944336e-01 5.908300280570983887e-01
5.259100198745727539e-01 5.878800153732299805e-01
5.267099738121032715e-01 5.862299799919128418e-01
5.260999798774719238e-01 5.801799893379211426e-01
5.156800150871276855e-01 5.899999737739562988e-01
5.102099776268005371e-01 5.918499827384948730e-01
5.338799953460693359e-01 5.586400032043457031e-01
5.819500088691711426e-01 6.302999854087829590e-01
5.811700224876403809e-01 6.309800148010253906e-01
5.810599923133850098e-01 6.304600238800048828e-01
6.037399768829345703e-01 6.258900165557861328e-01
6.066200137138366699e-01 6.242600083351135254e-01
6.059899926185607910e-01 6.233900189399719238e-01
6.058200001716613770e-01 6.242200136184692383e-01
6.065000295639038086e-01 6.235100030899047852e-01
6.072900295257568359e-01 6.235399842262268066e-01
6.073799729347229004e-01 6.214399933815002441e-01
4.226100146770477295e-01 3.348099887371063232e-01
4.230099916458129883e-01 3.397600054740905762e-01
4.165099859237670898e-01 2.556099891662597656e-01
4.442999958992004395e-01 1.985400021076202393e-01
4.439800083637237549e-01 1.920399963855743408e-01
4.431099891662597656e-01 1.950400024652481079e-01
4.420000016689300537e-01 1.962700039148330688e-01
4.424400031566619873e-01 1.921100020408630371e-01
4.418500065803527832e-01 1.962500065565109253e-01
4.426499903202056885e-01 1.947699934244155884e-01
4.418900012969970703e-01 1.990800052881240845e-01
4.530700147151947021e-01 1.608700007200241089e-01
4.553200006484985352e-01 1.624200046062469482e-01
4.548299908638000488e-01 1.617799997329711914e-01
4.553099870681762695e-01 1.568100005388259888e-01
4.082399904727935791e-01 1.129399985074996948e-01
4.554800093173980713e-01 1.599300056695938110e-01
4.141699969768524170e-01 2.262900024652481079e-01
4.139100015163421631e-01 2.256300002336502075e-01
4.134199917316436768e-01 2.269300073385238647e-01
4.139499962329864502e-01 2.273000031709671021e-01
4.705800116062164307e-01 2.131900042295455933e-01
1.142899990081787109e-01 9.954400062561035156e-01
1.124299988150596619e-01 9.923300147056579590e-01
1.149799972772598267e-01 9.897800087928771973e-01
1.055900007486343384e-01 9.911800026893615723e-01
1.110299974679946899e-01 9.941899776458740234e-01
2.420500069856643677e-01 6.284800171852111816e-01
2.421099990606307983e-01 6.341400146484375000e-01
2.370599955320358276e-01 6.439499855041503906e-01
2.339300066232681274e-01 6.436799764633178711e-01
2.343399971723556519e-01 6.459699869155883789e-01
2.290800064802169800e-01 6.462900042533874512e-01
5.292599797248840332e-01 6.895800232887268066e-01
5.266299843788146973e-01 6.881200075149536133e-01
1.318500041961669922e-01 9.255700111389160156e-01
1.235999986529350281e-01 1.088799953460693359e+00
1.547300070524215698e-01 1.112900018692016602e+00
1.444099992513656616e-01 1.106400012969970703e+00
1.480399966239929199e-01 1.123999953269958496e+00
3.122699856758117676e-01 6.084300279617309570e-01
2.704499959945678711e-01 6.691899895668029785e-01
1.652099937200546265e-01 8.159300088882446289e-01
1.621100008487701416e-01 9.258900284767150879e-01
4.425300061702728271e-01 7.164800167083740234e-01
4.439499974250793457e-01 7.133600115776062012e-01
3.583100140094757080e-01 7.207800149917602539e-01
3.000000119209289551e-01 6.823800206184387207e-01
3.157399892807006836e-01 6.909800171852111816e-01
3.225300014019012451e-01 6.866999864578247070e-01
5.503900051116943359e-01 1.010300040245056152e+00
5.552499890327453613e-01 1.006800055503845215e+00
5.534899830818176270e-01 9.997799992561340332e-01
5.414599776268005371e-01 9.944700002670288086e-01
2.902500033378601074e-01 6.292799711227416992e-01
3.051599860191345215e-01 6.316499710083007812e-01
3.043299913406372070e-01 6.329500079154968262e-01
3.049699962139129639e-01 6.357700228691101074e-01
3.066000044345855713e-01 6.323199868202209473e-01
3.044500052928924561e-01 6.303600072860717773e-01
3.028599917888641357e-01 6.285399794578552246e-01
3.043299913406372070e-01 6.316400170326232910e-01
2.840400040149688721e-01 6.214699745178222656e-01
4.383600056171417236e-01 7.236499786376953125e-01
4.403299987316131592e-01 7.225199937820434570e-01
4.413200020790100098e-01 7.156900167465209961e-01
5.441300272941589355e-01 4.146800041198730469e-01
5.430099964141845703e-01 4.128600060939788818e-01
4.971300065517425537e-01 4.223900139331817627e-01
4.814499914646148682e-01 4.482600092887878418e-01
4.782299995422363281e-01 4.446699917316436768e-01
5.297999978065490723e-01 3.281799852848052979e-01
4.811899960041046143e-01 4.454999864101409912e-01
5.385100245475769043e-01 3.188000023365020752e-01
5.385599732398986816e-01 3.188700079917907715e-01
5.403599739074707031e-01 3.167000114917755127e-01
5.466799736022949219e-01 3.109599947929382324e-01
5.295000076293945312e-01 3.034499883651733398e-01
5.503799915313720703e-01 3.118999898433685303e-01
5.494599938392639160e-01 3.091300129890441895e-01
4.939100146293640137e-01 3.785499930381774902e-01
4.443899989128112793e-01 4.736700057983398438e-01
4.836399853229522705e-01 5.118600130081176758e-01
4.476999938488006592e-01 4.683699905872344971e-01
4.482200145721435547e-01 4.757300019264221191e-01
4.632799923419952393e-01 4.656499922275543213e-01
4.639300107955932617e-01 4.657799899578094482e-01
4.988299906253814697e-01 4.398899972438812256e-01
5.168300271034240723e-01 3.637799918651580811e-01
4.772300124168395996e-01 2.013600021600723267e-01
5.216799974441528320e-01 1.837999969720840454e-01
6.306599974632263184e-01 1.658000051975250244e-01
5.165600180625915527e-01 1.951600015163421631e-01
5.229700207710266113e-01 2.086700052022933960e-01
5.216900110244750977e-01 2.082999944686889648e-01
5.021600127220153809e-01 2.087499946355819702e-01
4.995200037956237793e-01 3.197599947452545166e-01
5.017799735069274902e-01 3.997899889945983887e-01
4.989300072193145752e-01 4.179100096225738525e-01
3.780899941921234131e-01 3.441599905490875244e-01
3.773899972438812256e-01 3.461999893188476562e-01
3.661499917507171631e-01 3.271499872207641602e-01
3.537800014019012451e-01 2.654199898242950439e-01
3.487899899482727051e-01 2.620800137519836426e-01
3.365699946880340576e-01 2.538599967956542969e-01
2.788499891757965088e-01 3.226299881935119629e-01
2.756200134754180908e-01 3.325800001621246338e-01
2.561500072479248047e-01 3.296400010585784912e-01
2.561100125312805176e-01 3.741599917411804199e-01
2.494300007820129395e-01 3.787100017070770264e-01
5.593299865722656250e-01 4.280700087547302246e-01
5.555199980735778809e-01 4.194500148296356201e-01
5.603899955749511719e-01 5.574799776077270508e-01
5.553200244903564453e-01 4.633499979972839355e-01
5.575299859046936035e-01 4.112699925899505615e-01
5.589900016784667969e-01 4.122399985790252686e-01
5.644900202751159668e-01 4.125199913978576660e-01
5.593900084495544434e-01 4.138199985027313232e-01
5.616700053215026855e-01 4.138900041580200195e-01
4.661200046539306641e-01 4.981800019741058350e-01
4.528999924659729004e-01 5.278300046920776367e-01
4.646300077438354492e-01 5.264700055122375488e-01
4.635899960994720459e-01 4.945699870586395264e-01
4.665699899196624756e-01 4.788700044155120850e-01
4.833300113677978516e-01 4.696199893951416016e-01
4.870699942111968994e-01 4.618000090122222900e-01
4.784899950027465820e-01 4.336600005626678467e-01
5.038400292396545410e-01 4.538600146770477295e-01
5.034000277519226074e-01 4.575099945068359375e-01
5.035200119018554688e-01 4.586499929428100586e-01
5.047199726104736328e-01 5.470499992370605469e-01
4.980700016021728516e-01 4.682500064373016357e-01
2.119800001382827759e-01 1.131700038909912109e+00
1.782000064849853516e-01 1.057600021362304688e+00
1.650499999523162842e-01 1.037700057029724121e+00
1.755400002002716064e-01 1.075299978256225586e+00
1.956200003623962402e-01 1.132500052452087402e+00
2.105299979448318481e-01 1.169299960136413574e+00
2.124300003051757812e-01 1.166100025177001953e+00
1.995200067758560181e-01 1.115200042724609375e+00
1.966499984264373779e-01 1.106299996376037598e+00
1.981399953365325928e-01 1.110000014305114746e+00
2.030099928379058838e-01 1.117599964141845703e+00
1.625799983739852905e-01 1.061599969863891602e+00
1.621299982070922852e-01 1.065500020980834961e+00
1.615200042724609375e-01 1.070199966430664062e+00
1.612100005149841309e-01 1.074399948120117188e+00
1.616300046443939209e-01 1.076799988746643066e+00
1.626400053501129150e-01 1.077399969100952148e+00
1.636900007724761963e-01 1.077100038528442383e+00
1.377200037240982056e-01 1.056499958038330078e+00
1.392199993133544922e-01 1.056599974632263184e+00
1.407900005578994751e-01 1.057399988174438477e+00
1.426800042390823364e-01 1.059100031852722168e+00
5.270799994468688965e-01 4.542199969291687012e-01
5.273100137710571289e-01 4.526399970054626465e-01
5.268200039863586426e-01 4.519500136375427246e-01
5.283899903297424316e-01 4.499500095844268799e-01
5.285000205039978027e-01 4.499900043010711670e-01
5.329300165176391602e-01 4.416899979114532471e-01
5.339300036430358887e-01 4.393399953842163086e-01
5.331000089645385742e-01 4.361900091171264648e-01
5.747399926185607910e-01 4.419800043106079102e-01
5.734099745750427246e-01 4.444899857044219971e-01
5.745099782943725586e-01 4.414199888706207275e-01
5.700799822807312012e-01 4.497500061988830566e-01
5.747600197792053223e-01 4.444800019264221191e-01
5.783699750900268555e-01 4.412600100040435791e-01
5.778800249099731445e-01 4.408400058746337891e-01
5.787299871444702148e-01 4.429199993610382080e-01
5.788499712944030762e-01 4.463199973106384277e-01
5.777400135993957520e-01 4.432699978351593018e-01
5.836799740791320801e-01 4.654299914836883545e-01
5.756000280380249023e-01 4.602099955081939697e-01
5.684800148010253906e-01 4.495800137519836426e-01
5.598800182342529297e-01 4.462899863719940186e-01
4.888300001621246338e-01 6.144599914550781250e-01
4.898200035095214844e-01 6.174799799919128418e-01
4.914399981498718262e-01 6.182699799537658691e-01
4.923500120639801025e-01 6.198599934577941895e-01
4.955199956893920898e-01 7.967600226402282715e-01
4.281699955463409424e-01 8.057000041007995605e-01
4.296999871730804443e-01 8.079800009727478027e-01
4.314100146293640137e-01 8.086699843406677246e-01
4.320400059223175049e-01 8.060399889945983887e-01
4.951499998569488525e-01 8.103899955749511719e-01
4.942800104618072510e-01 8.074700236320495605e-01
4.939700067043304443e-01 8.087300062179565430e-01
4.941700100898742676e-01 8.098400235176086426e-01
4.928799867630004883e-01 8.099300265312194824e-01
5.107600092887878418e-01 8.024100065231323242e-01
5.090500116348266602e-01 8.044999837875366211e-01
5.074899792671203613e-01 8.018699884414672852e-01
5.056599974632263184e-01 7.980599999427795410e-01
5.044400095939636230e-01 8.051000237464904785e-01
5.004000067710876465e-01 8.061699867248535156e-01
4.959500133991241455e-01 8.057799935340881348e-01
4.998700022697448730e-01 8.054900169372558594e-01
5.848199725151062012e-01 3.508900105953216553e-01
5.692700147628784180e-01 3.501900136470794678e-01
6.255800127983093262e-01 3.471199870109558105e-01
6.579800248146057129e-01 3.328100144863128662e-01
6.191300153732299805e-01 3.707999885082244873e-01
5.945900082588195801e-01 3.054800033569335938e-01
5.862200260162353516e-01 3.190500140190124512e-01
5.397499799728393555e-01 3.182500004768371582e-01
4.860000014305114746e-01 2.723299860954284668e-01
4.888100028038024902e-01 2.760399878025054932e-01
4.892799854278564453e-01 2.736899852752685547e-01
4.925400018692016602e-01 2.794600129127502441e-01
5.975199937820434570e-01 3.506000041961669922e-01
6.492499709129333496e-01 3.224399983882904053e-01
5.836799740791320801e-01 3.297699987888336182e-01
5.669500231742858887e-01 3.261699974536895752e-01
4.773100018501281738e-01 2.987399995326995850e-01
4.854100048542022705e-01 2.791900038719177246e-01
4.862500131130218506e-01 2.798300087451934814e-01
4.831199944019317627e-01 2.812300026416778564e-01
4.924100041389465332e-01 2.817800045013427734e-01
5.181300044059753418e-01 2.908599972724914551e-01
4.441300034523010254e-01 5.511900186538696289e-01
4.443700015544891357e-01 5.543900132179260254e-01
4.440900087356567383e-01 5.543799996376037598e-01
4.489600062370300293e-01 5.735599994659423828e-01
5.332700014114379883e-01 3.123599886894226074e-01
5.124599933624267578e-01 3.196699917316436768e-01
5.039799809455871582e-01 3.351700007915496826e-01
5.107100009918212891e-01 2.891899943351745605e-01
5.041300058364868164e-01 3.200600147247314453e-01
4.234499931335449219e-01 5.384600162506103516e-01
4.184899926185607910e-01 5.490000247955322266e-01
4.185299873352050781e-01 5.483999848365783691e-01
4.195899963378906250e-01 5.486999750137329102e-01
4.202800095081329346e-01 5.483899712562561035e-01
3.935300111770629883e-01 4.687600135803222656e-01
3.940399885177612305e-01 4.709199965000152588e-01
3.942900002002716064e-01 4.710899889469146729e-01
4.211800098419189453e-01 5.467399954795837402e-01
4.217100143432617188e-01 5.459799766540527344e-01
4.907599985599517822e-01 1.578200012445449829e-01
4.924499988555908203e-01 1.531700044870376587e-01
4.440099895000457764e-01 5.520899891853332520e-01
5.858299732208251953e-01 2.482399940490722656e-01
5.841699838638305664e-01 2.531499862670898438e-01
5.866400003433227539e-01 2.523699998855590820e-01
5.529000163078308105e-01 3.279199898242950439e-01
5.013999938964843750e-01 3.109599947929382324e-01
5.015900135040283203e-01 3.176099956035614014e-01
5.024099946022033691e-01 3.161700069904327393e-01
5.030800104141235352e-01 3.171699941158294678e-01
5.044299960136413574e-01 3.173300027847290039e-01
5.195599794387817383e-01 2.837100028991699219e-01
5.221800208091735840e-01 2.860699892044067383e-01
5.587599873542785645e-01 2.570900022983551025e-01
5.564500093460083008e-01 2.608900070190429688e-01
5.506100058555603027e-01 2.627300024032592773e-01
5.498099923133850098e-01 2.646400034427642822e-01
4.865800142288208008e-01 3.228400051593780518e-01
4.938499927520751953e-01 3.198699951171875000e-01
4.934099912643432617e-01 3.169200122356414795e-01
5.066499710083007812e-01 2.930699884891510010e-01
5.075399875640869141e-01 2.929399907588958740e-01
5.065299868583679199e-01 2.911800146102905273e-01
5.844299793243408203e-01 2.510299980640411377e-01
5.263800024986267090e-01 4.432199895381927490e-01
5.261999964714050293e-01 4.491600096225738525e-01
5.255500078201293945e-01 4.549199938774108887e-01
5.178099870681762695e-01 4.540899991989135742e-01
5.214400291442871094e-01 4.617100059986114502e-01
5.512700080871582031e-01 4.079700112342834473e-01
5.471500158309936523e-01 4.075999855995178223e-01
5.476099848747253418e-01 4.008600115776062012e-01
5.543400049209594727e-01 3.984499871730804443e-01
5.773000121116638184e-01 3.619000017642974854e-01
5.296700000762939453e-01 3.198699951171875000e-01
5.706700086593627930e-01 4.591900110244750977e-01
5.668799877166748047e-01 4.511699974536895752e-01
5.641300082206726074e-01 5.096300244331359863e-01
5.410199761390686035e-01 5.182399749755859375e-01
5.427899956703186035e-01 5.107499957084655762e-01
5.413299798965454102e-01 5.115299820899963379e-01
5.405700206756591797e-01 5.061200261116027832e-01
5.417199730873107910e-01 5.031499862670898438e-01
5.415199995040893555e-01 5.023599863052368164e-01
5.419899821281433105e-01 5.052599906921386719e-01
5.264400243759155273e-01 4.436199963092803955e-01
6.332200169563293457e-01 2.806200087070465088e-01
6.330400109291076660e-01 2.697300016880035400e-01
6.316499710083007812e-01 2.660300135612487793e-01
4.406499862670898438e-01 2.919799983501434326e-01
4.395399987697601318e-01 2.907199859619140625e-01
4.402700066566467285e-01 2.921600043773651123e-01
4.397799968719482422e-01 2.910999953746795654e-01
4.403199851512908936e-01 2.898199856281280518e-01
4.815199971199035645e-01 2.914699912071228027e-01
4.823600053787231445e-01 2.929300069808959961e-01
4.821000099182128906e-01 2.870799899101257324e-01
4.822899997234344482e-01 2.854300141334533691e-01
4.805600047111511230e-01 2.863099873065948486e-01
4.954299926757812500e-01 2.790899872779846191e-01
4.947299957275390625e-01 2.837800085544586182e-01
4.954699873924255371e-01 2.828499972820281982e-01
4.954800009727478027e-01 2.848399877548217773e-01
4.945699870586395264e-01 2.834100127220153809e-01
4.952799975872039795e-01 2.829400002956390381e-01
4.948799908161163330e-01 2.837899923324584961e-01
4.949800074100494385e-01 2.835899889469146729e-01
4.943599998950958252e-01 2.832500040531158447e-01
5.778899788856506348e-01 7.616099715232849121e-01
6.259199976921081543e-01 7.634000182151794434e-01
4.062199890613555908e-01 5.331799983978271484e-01
4.026899933815002441e-01 5.348299741744995117e-01
4.113599956035614014e-01 5.478600263595581055e-01
4.669100046157836914e-01 5.552499890327453613e-01
4.760000109672546387e-01 5.712699890136718750e-01
4.729599952697753906e-01 5.728499889373779297e-01
4.724099934101104736e-01 5.912899971008300781e-01
4.707899987697601318e-01 5.784100294113159180e-01
4.254100024700164795e-01 4.993799924850463867e-01
3.441700041294097900e-01 2.253399938344955444e-01
4.629299938678741455e-01 9.053300023078918457e-01
5.400300025939941406e-01 9.527599811553955078e-01
5.414000153541564941e-01 9.590299725532531738e-01
5.396100282669067383e-01 9.563000202178955078e-01
6.311500072479248047e-01 9.346600174903869629e-01
6.333400011062622070e-01 9.427300095558166504e-01
6.358799934387207031e-01 9.430599808692932129e-01
6.311699748039245605e-01 9.364799857139587402e-01
5.125499963760375977e-01 9.345999956130981445e-01
4.891999959945678711e-01 9.238200187683105469e-01
4.485400021076202393e-01 6.767500042915344238e-01
4.828599989414215088e-01 6.658099889755249023e-01
4.815300107002258301e-01 6.673200130462646484e-01
4.815100133419036865e-01 6.695399880409240723e-01
4.809800088405609131e-01 6.689900159835815430e-01
4.805600047111511230e-01 6.710600256919860840e-01
4.803699851036071777e-01 6.727499961853027344e-01
4.728100001811981201e-01 6.742900013923645020e-01
4.729300141334533691e-01 6.743400096893310547e-01
5.068500041961669922e-01 6.729900240898132324e-01
5.066599845886230469e-01 6.714800000190734863e-01
5.445799827575683594e-01 6.628100275993347168e-01
5.396900177001953125e-01 6.701800227165222168e-01
5.910199880599975586e-01 6.484699845314025879e-01
5.908799767494201660e-01 6.493099927902221680e-01
5.903000235557556152e-01 6.513599753379821777e-01
5.915099978446960449e-01 6.527299880981445312e-01
5.939999818801879883e-01 6.507800221443176270e-01
3.697699904441833496e-01 6.750699877738952637e-01
3.701499998569488525e-01 6.750500202178955078e-01
3.549999892711639404e-01 6.729500293731689453e-01
3.556599915027618408e-01 6.738299727439880371e-01
5.609300136566162109e-01 3.349899947643280029e-01
5.575699806213378906e-01 2.901900112628936768e-01
5.583699941635131836e-01 2.877599895000457764e-01
5.643299818038940430e-01 3.287400007247924805e-01
5.662000179290771484e-01 3.295400142669677734e-01
6.089900135993957520e-01 3.209300041198730469e-01
6.087499856948852539e-01 3.190200030803680420e-01
6.035400032997131348e-01 3.161199986934661865e-01
6.085500121116638184e-01 3.493900001049041748e-01
6.239899992942810059e-01 3.578599989414215088e-01
6.254199743270874023e-01 3.572300076484680176e-01
6.304799914360046387e-01 3.516399860382080078e-01
6.013699769973754883e-01 3.846600055694580078e-01
5.485500097274780273e-01 3.949300050735473633e-01
5.117400288581848145e-01 3.422699868679046631e-01
5.085099935531616211e-01 3.302200138568878174e-01
5.117899775505065918e-01 3.436200022697448730e-01
5.106999874114990234e-01 3.379200100898742676e-01
5.154299736022949219e-01 3.121500015258789062e-01
5.944700241088867188e-01 3.432300090789794922e-01
5.912200212478637695e-01 3.431699872016906738e-01
5.879700183868408203e-01 3.391000032424926758e-01
5.667399764060974121e-01 4.571500122547149658e-01
5.698999762535095215e-01 4.363799989223480225e-01
5.730599761009216309e-01 4.870299994945526123e-01
5.691800117492675781e-01 4.355399906635284424e-01
5.306599736213684082e-01 4.138500094413757324e-01
5.635899901390075684e-01 4.139299988746643066e-01
5.631300210952758789e-01 4.329099953174591064e-01
5.638200044631958008e-01 4.351800084114074707e-01
5.689600110054016113e-01 4.428499937057495117e-01
5.660200119018554688e-01 4.469000101089477539e-01
5.673599839210510254e-01 4.534400105476379395e-01
5.748800039291381836e-01 4.806399941444396973e-01
5.673499703407287598e-01 4.740299880504608154e-01
5.636900067329406738e-01 4.708299934864044189e-01
5.587099790573120117e-01 4.672099947929382324e-01
5.592499971389770508e-01 4.666599929332733154e-01
5.595399737358093262e-01 4.646799862384796143e-01
5.588600039482116699e-01 4.641399979591369629e-01
5.592799782752990723e-01 4.641399979591369629e-01
5.618699789047241211e-01 4.664799869060516357e-01
5.640500187873840332e-01 4.668399989604949951e-01
5.641499757766723633e-01 4.651800096035003662e-01
4.912000000476837158e-01 6.650199890136718750e-01
5.119799971580505371e-01 6.507400274276733398e-01
5.055999755859375000e-01 6.578599810600280762e-01
5.068399906158447266e-01 6.600599884986877441e-01
5.052499771118164062e-01 6.690700054168701172e-01
5.060899853706359863e-01 6.718400120735168457e-01
5.012199878692626953e-01 6.716200113296508789e-01
5.304600000381469727e-01 6.711999773979187012e-01
5.611699819564819336e-01 6.612100005149841309e-01
5.601199865341186523e-01 6.608899831771850586e-01
5.599399805068969727e-01 6.598200201988220215e-01
4.776000082492828369e-01 7.964599728584289551e-01
4.783799946308135986e-01 7.957999706268310547e-01
5.140699744224548340e-01 7.715100049972534180e-01
5.142400264739990234e-01 7.739499807357788086e-01
4.670599997043609619e-01 6.890299916267395020e-01
4.688600003719329834e-01 6.913700103759765625e-01
4.652799963951110840e-01 6.926800012588500977e-01
4.669600129127502441e-01 6.960499882698059082e-01
4.725300073623657227e-01 6.816700100898742676e-01
4.724499881267547607e-01 6.831600069999694824e-01
4.659399986267089844e-01 6.855999827384948730e-01
3.986499905586242676e-01 3.631300032138824463e-01
3.967500030994415283e-01 3.608199954032897949e-01
3.960199952125549316e-01 3.592599928379058838e-01
4.033899903297424316e-01 3.621299862861633301e-01
4.038099944591522217e-01 3.625099956989288330e-01
4.036299884319305420e-01 3.632799983024597168e-01
4.059700071811676025e-01 3.638100028038024902e-01
4.060199856758117676e-01 3.634299933910369873e-01
4.079599976539611816e-01 3.640500009059906006e-01
4.052999913692474365e-01 3.648200035095214844e-01
4.063299894332885742e-01 3.654699921607971191e-01
4.054900109767913818e-01 3.664599955081939697e-01
4.055300056934356689e-01 3.651500046253204346e-01
4.058699905872344971e-01 3.646399974822998047e-01
4.063299894332885742e-01 3.634999990463256836e-01
4.006200134754180908e-01 3.638400137424468994e-01
4.004400074481964111e-01 3.671300113201141357e-01
3.980500102043151855e-01 3.609499931335449219e-01
3.969199955463409424e-01 3.556199967861175537e-01
3.982799947261810303e-01 3.581399917602539062e-01
4.369300007820129395e-01 3.520100116729736328e-01
4.364199936389923096e-01 3.549000024795532227e-01
5.306400060653686523e-01 7.415699958801269531e-01
5.285999774932861328e-01 7.401099801063537598e-01
5.269399881362915039e-01 7.302200198173522949e-01
5.340200066566467285e-01 7.097300291061401367e-01
5.343700051307678223e-01 7.091599702835083008e-01
5.340999960899353027e-01 7.009299993515014648e-01
5.342000126838684082e-01 7.007499933242797852e-01
5.332499742507934570e-01 6.986700296401977539e-01
5.330899953842163086e-01 6.983199715614318848e-01
5.338100194931030273e-01 7.006999850273132324e-01
5.342500209808349609e-01 7.025700211524963379e-01
5.336899757385253906e-01 7.063300013542175293e-01
5.332499742507934570e-01 7.071400284767150879e-01
5.336700081825256348e-01 7.103000283241271973e-01
5.343499779701232910e-01 7.129300236701965332e-01
5.352100133895874023e-01 7.169299721717834473e-01
5.369499921798706055e-01 7.201300263404846191e-01
5.384200215339660645e-01 7.218700051307678223e-01
5.322099924087524414e-01 7.343599796295166016e-01
5.201500058174133301e-01 7.002400159835815430e-01
5.251799821853637695e-01 7.062100172042846680e-01
5.159500241279602051e-01 7.197499871253967285e-01
4.332399964332580566e-01 4.588499963283538818e-01
4.323999881744384766e-01 4.588299989700317383e-01
4.328399896621704102e-01 4.569000005722045898e-01
4.784800112247467041e-01 4.540799856185913086e-01
4.784800112247467041e-01 4.463599920272827148e-01
4.784600138664245605e-01 4.561200141906738281e-01
4.785499870777130127e-01 4.565199911594390869e-01
4.730600118637084961e-01 4.539699852466583252e-01
4.727799892425537109e-01 4.440500140190124512e-01
4.726899862289428711e-01 4.546599984169006348e-01
4.697700142860412598e-01 4.611899852752685547e-01
4.617500007152557373e-01 4.571900069713592529e-01
4.616099894046783447e-01 4.491899907588958740e-01
4.648900032043457031e-01 4.568099975585937500e-01
4.641900062561035156e-01 4.565199911594390869e-01
4.638499915599822998e-01 4.625799953937530518e-01
4.642199873924255371e-01 4.566099941730499268e-01
4.642499983310699463e-01 4.581899940967559814e-01
4.638200104236602783e-01 4.582499861717224121e-01
4.639300107955932617e-01 4.559899866580963135e-01
4.626699984073638916e-01 4.660699963569641113e-01
4.615499973297119141e-01 4.681299924850463867e-01
5.008999705314636230e-01 3.574300110340118408e-01
4.830400049686431885e-01 3.689300119876861572e-01
4.816299974918365479e-01 3.681400120258331299e-01
4.982799887657165527e-01 3.541800081729888916e-01
5.000299811363220215e-01 3.605499863624572754e-01
5.307999849319458008e-01 3.318299949169158936e-01
5.308200120925903320e-01 3.313699960708618164e-01
5.291500091552734375e-01 3.359999954700469971e-01
5.428299903869628906e-01 3.204900026321411133e-01
5.436599850654602051e-01 3.188399970531463623e-01
4.927499890327453613e-01 4.360699951648712158e-01
4.343700110912322998e-01 4.149900078773498535e-01
4.355799853801727295e-01 4.131900072097778320e-01
4.372799992561340332e-01 4.151400029659271240e-01
4.367800056934356689e-01 4.139600098133087158e-01
4.368000030517578125e-01 4.137800037860870361e-01
4.280200004577636719e-01 4.261800050735473633e-01
4.257299900054931641e-01 4.282999932765960693e-01
4.629099965095520020e-01 4.001399874687194824e-01
4.627299904823303223e-01 3.962000012397766113e-01
4.627999961376190186e-01 3.964999914169311523e-01
4.658100008964538574e-01 3.890700042247772217e-01
4.842399954795837402e-01 4.365600049495697021e-01
4.937300086021423340e-01 4.404399991035461426e-01
4.926500022411346436e-01 4.365200102329254150e-01
5.023199915885925293e-01 4.609999954700469971e-01
5.014399886131286621e-01 4.592800140380859375e-01
4.921399950981140137e-01 4.236299991607666016e-01
4.930799901485443115e-01 4.189800024032592773e-01
4.864600002765655518e-01 4.484600126743316650e-01
4.868600070476531982e-01 4.384799897670745850e-01
4.881600141525268555e-01 4.292199909687042236e-01
4.892300069332122803e-01 4.258599877357482910e-01
4.921799898147583008e-01 4.608899950981140137e-01
4.883199930191040039e-01 4.638800024986267090e-01
4.533399939537048340e-01 4.706600010395050049e-01
4.733799993991851807e-01 4.681600034236907959e-01
4.907799959182739258e-01 4.645000100135803223e-01
4.921900033950805664e-01 4.632099866867065430e-01
4.895800054073333740e-01 4.276300072669982910e-01
4.893800020217895508e-01 4.275400042533874512e-01
4.900600016117095947e-01 4.259400069713592529e-01
4.893999993801116943e-01 4.278700053691864014e-01
4.896799921989440918e-01 4.252699911594390869e-01
4.816100001335144043e-01 3.705500066280364990e-01
4.753600060939788818e-01 3.749800026416778564e-01
5.168099999427795410e-01 4.711700081825256348e-01
5.217000246047973633e-01 4.716700017452239990e-01
5.215299725532531738e-01 4.722999930381774902e-01
5.224599838256835938e-01 4.720200002193450928e-01
5.214200019836425781e-01 4.698199927806854248e-01
5.216599702835083008e-01 4.694199860095977783e-01
5.213599801063537598e-01 4.691599905490875244e-01
5.222100019454956055e-01 4.681600034236907959e-01
5.221400260925292969e-01 4.674000144004821777e-01
4.684399962425231934e-01 3.738999962806701660e-01
4.667400121688842773e-01 3.801200091838836670e-01
4.664300084114074707e-01 3.799099922180175781e-01
5.221800208091735840e-01 4.730400145053863525e-01
5.217999815940856934e-01 4.740499854087829590e-01
4.780299961566925049e-01 2.596299946308135986e-01
4.640400111675262451e-01 2.499600052833557129e-01
4.675500094890594482e-01 2.594200074672698975e-01
4.651300013065338135e-01 3.082799911499023438e-01
4.641999900341033936e-01 3.121399879455566406e-01
4.639799892902374268e-01 3.156700134277343750e-01
