3.637205362319946289e-01 4.366652071475982666e-01
3.410996794700622559e-01 4.102628827095031738e-01
4.070041775703430176e-01 3.371706604957580566e-01
3.822026252746582031e-01 3.357098400592803955e-01
6.052163839340209961e-01 4.630580246448516846e-01
5.953198075294494629e-01 4.599432051181793213e-01
5.860767364501953125e-01 4.566951096057891846e-01
5.779684185981750488e-01 4.539125859737396240e-01
5.546789169311523438e-01 4.451092481613159180e-01
5.225623250007629395e-01 4.272845983505249023e-01
5.264298319816589355e-01 4.059636890888214111e-01
5.252699255943298340e-01 4.063395261764526367e-01
5.254490971565246582e-01 4.061884284019470215e-01
5.249863862991333008e-01 4.064203798770904541e-01
5.249196887016296387e-01 4.057435691356658936e-01
5.235688090324401855e-01 4.082454144954681396e-01
3.450100421905517578e-01 4.047973752021789551e-01
3.430265188217163086e-01 4.092770516872406006e-01
3.424304127693176270e-01 4.102517366409301758e-01
3.425575494766235352e-01 4.111943542957305908e-01
3.405375480651855469e-01 4.113230705261230469e-01
3.385315537452697754e-01 4.109326601028442383e-01
4.901912808418273926e-01 3.749641180038452148e-01
4.043269157409667969e-01 4.138843119144439697e-01
4.069684147834777832e-01 4.140531420707702637e-01
4.078362584114074707e-01 4.144810438156127930e-01
4.099332094192504883e-01 4.171322286128997803e-01
4.122262001037597656e-01 4.199801385402679443e-01
4.262398481369018555e-01 4.238361716270446777e-01
4.268561005592346191e-01 4.236302971839904785e-01
4.838228821754455566e-01 3.668291568756103516e-01
4.953426122665405273e-01 3.627644479274749756e-01
5.078771114349365234e-01 3.515015542507171631e-01
5.079709887504577637e-01 3.513918817043304443e-01
5.053227543830871582e-01 3.543657660484313965e-01
5.049288868904113770e-01 3.567541539669036865e-01
5.021248459815979004e-01 3.546495735645294189e-01
4.734755754470825195e-01 3.552713692188262939e-01
4.763882756233215332e-01 3.558531999588012695e-01
4.844322204589843750e-01 3.550065755844116211e-01
4.909340739250183105e-01 3.532908558845520020e-01
4.979653358459472656e-01 3.674622476100921631e-01
4.951792955398559570e-01 3.725378513336181641e-01
4.917457103729248047e-01 3.780014514923095703e-01
5.179441571235656738e-01 3.943791687488555908e-01
5.214793086051940918e-01 3.889730572700500488e-01
5.263860821723937988e-01 3.813414275646209717e-01
5.308289527893066406e-01 3.742623925209045410e-01
4.313494563102722168e-01 4.346375763416290283e-01
4.294949769973754883e-01 4.234672188758850098e-01
4.604406356811523438e-01 4.039815962314605713e-01
4.705972671508789062e-01 4.089249372482299805e-01
4.786639809608459473e-01 4.134104251861572266e-01
5.041660070419311523e-01 4.276570975780487061e-01
5.052703022956848145e-01 4.281963706016540527e-01
5.208443999290466309e-01 4.438119232654571533e-01
5.706956386566162109e-01 4.530062377452850342e-01
5.706867575645446777e-01 4.534402489662170410e-01
5.719730257987976074e-01 4.531013071537017822e-01
5.721164941787719727e-01 4.531303048133850098e-01
5.747992992401123047e-01 4.535327553749084473e-01
5.764467716217041016e-01 4.537169635295867920e-01
5.784888863563537598e-01 4.538568854331970215e-01
5.799838900566101074e-01 4.539471566677093506e-01
5.849454402923583984e-01 4.543866217136383057e-01
5.868710279464721680e-01 4.544609189033508301e-01
6.644744277000427246e-01 4.318616986274719238e-01
6.606323719024658203e-01 4.321580529212951660e-01
6.569287180900573730e-01 4.268970191478729248e-01
6.760433912277221680e-01 4.495825171470642090e-01
6.487980484962463379e-01 4.185106754302978516e-01
4.942167997360229492e-01 3.044630587100982666e-01
4.407379031181335449e-01 2.672507464885711670e-01
4.449481368064880371e-01 2.773841619491577148e-01
4.620007276535034180e-01 2.781070470809936523e-01
4.674923419952392578e-01 2.766456604003906250e-01
5.819985270500183105e-01 2.524894177913665771e-01
5.756112933158874512e-01 2.413386106491088867e-01
5.747791528701782227e-01 2.375688254833221436e-01
4.766530990600585938e-01 2.871572375297546387e-01
4.852661490440368652e-01 2.945448160171508789e-01
5.112998485565185547e-01 3.193014264106750488e-01
5.497907400131225586e-01 4.273724853992462158e-01
5.508165359497070312e-01 4.325661063194274902e-01
5.509926676750183105e-01 4.348511993885040283e-01
5.483211278915405273e-01 4.311216473579406738e-01
5.538752675056457520e-01 4.333409667015075684e-01
5.409952402114868164e-01 4.180891215801239014e-01
4.211065173149108887e-01 2.213773727416992188e-01
4.222548604011535645e-01 2.246221303939819336e-01
4.204002618789672852e-01 2.259997725486755371e-01
4.202368259429931641e-01 2.262152135372161865e-01
4.169021248817443848e-01 2.385960519313812256e-01
4.172140359878540039e-01 2.396937012672424316e-01
4.182161688804626465e-01 2.409736812114715576e-01
4.190300703048706055e-01 2.402906417846679688e-01
4.184861779212951660e-01 2.349883019924163818e-01
4.520479440689086914e-01 2.382320761680603027e-01
4.475538134574890137e-01 2.366777360439300537e-01
4.349286556243896484e-01 2.317582070827484131e-01
4.231411218643188477e-01 2.286027669906616211e-01
4.196190237998962402e-01 2.281371951103210449e-01
4.105134010314941406e-01 2.281912267208099365e-01
4.064067006111145020e-01 2.288021147251129150e-01
4.058513045310974121e-01 2.292163670063018799e-01
4.116450548171997070e-01 2.287417352199554443e-01
4.147490262985229492e-01 2.289468646049499512e-01
4.167447090148925781e-01 2.306073904037475586e-01
4.160383939743041992e-01 2.383991181850433350e-01
4.119226932525634766e-01 2.378816306591033936e-01
5.421186685562133789e-01 4.627743959426879883e-01
5.438519716262817383e-01 4.718967378139495850e-01
5.197737216949462891e-01 4.995651841163635254e-01
5.172328352928161621e-01 5.001949667930603027e-01
5.122801065444946289e-01 5.016127228736877441e-01
5.076560378074645996e-01 5.038619637489318848e-01
5.037820339202880859e-01 5.064545869827270508e-01
5.016784071922302246e-01 5.065852999687194824e-01
4.990407228469848633e-01 4.547590017318725586e-01
4.967790246009826660e-01 4.560884535312652588e-01
4.964880943298339844e-01 4.565648436546325684e-01
4.945639967918395996e-01 4.576985538005828857e-01
4.922006726264953613e-01 4.587350189685821533e-01
4.895757436752319336e-01 4.595457017421722412e-01
4.870516657829284668e-01 4.600479006767272949e-01
4.834941625595092773e-01 4.603388905525207520e-01
4.919584989547729492e-01 4.722491204738616943e-01
5.054916739463806152e-01 5.117545723915100098e-01
5.038595795631408691e-01 5.178234577178955078e-01
5.033588409423828125e-01 5.197353959083557129e-01
5.015018582344055176e-01 5.325454473495483398e-01
5.011500716209411621e-01 5.347572565078735352e-01
4.847629666328430176e-01 6.001452803611755371e-01
4.901391267776489258e-01 5.993096828460693359e-01
4.904280900955200195e-01 5.992797613143920898e-01
4.909569025039672852e-01 5.983453392982482910e-01
4.908882975578308105e-01 5.977759361267089844e-01
4.907135963439941406e-01 5.972579121589660645e-01
4.910016655921936035e-01 5.965983271598815918e-01
4.925941228866577148e-01 5.991508364677429199e-01
4.951897859573364258e-01 6.046305894851684570e-01
5.227192640304565430e-01 6.177284717559814453e-01
5.381839871406555176e-01 6.298403143882751465e-01
5.340434908866882324e-01 6.349140405654907227e-01
5.313381552696228027e-01 6.330269575119018555e-01
5.306299328804016113e-01 6.334146261215209961e-01
5.290226340293884277e-01 6.334022879600524902e-01
5.281430482864379883e-01 6.335186362266540527e-01
5.269299149513244629e-01 6.337856054306030273e-01
5.251357555389404297e-01 6.343869566917419434e-01
5.246950387954711914e-01 6.345620155334472656e-01
5.376341342926025391e-01 6.141651272773742676e-01
5.419521331787109375e-01 6.128750443458557129e-01
5.490541458129882812e-01 6.088064908981323242e-01
5.183232426643371582e-01 3.365275561809539795e-01
5.298200249671936035e-01 3.280127346515655518e-01
5.397468805313110352e-01 3.207834362983703613e-01
5.422555208206176758e-01 3.191720843315124512e-01
5.508366227149963379e-01 3.097828924655914307e-01
5.488697886466979980e-01 3.108049929141998291e-01
5.445014238357543945e-01 3.125284612178802490e-01
5.359637737274169922e-01 4.079669415950775146e-01
5.372130870819091797e-01 4.086982309818267822e-01
5.371406078338623047e-01 4.094297885894775391e-01
5.068291425704956055e-01 3.954772651195526123e-01
5.076537132263183594e-01 3.911797404289245605e-01
5.449303984642028809e-01 4.105549752712249756e-01
5.416935682296752930e-01 4.089195728302001953e-01
5.557489991188049316e-01 3.781741559505462646e-01
5.598788857460021973e-01 3.719660639762878418e-01
5.633195638656616211e-01 3.680155277252197266e-01
5.675410628318786621e-01 3.605315089225769043e-01
5.723368525505065918e-01 3.541252911090850830e-01
5.752013921737670898e-01 3.519730269908905029e-01
5.921107530593872070e-01 3.431147933006286621e-01
5.915545225143432617e-01 3.434409797191619873e-01
4.490305781364440918e-01 3.859829604625701904e-01
4.388751983642578125e-01 3.898007571697235107e-01
4.302548170089721680e-01 4.002507627010345459e-01
4.272850155830383301e-01 4.054934382438659668e-01
4.249582886695861816e-01 4.088627696037292480e-01
3.907060027122497559e-01 4.249410331249237061e-01
3.890998959541320801e-01 4.257852733135223389e-01
5.269441008567810059e-01 4.353938698768615723e-01
5.312610268592834473e-01 4.341209232807159424e-01
5.289359092712402344e-01 4.275316894054412842e-01
4.927191734313964844e-01 3.999993503093719482e-01
4.852122664451599121e-01 4.147203266620635986e-01
4.894739985466003418e-01 4.136433005332946777e-01
4.899716973304748535e-01 4.134450256824493408e-01
4.949751496315002441e-01 4.113559424877166748e-01
4.990114569664001465e-01 4.094482064247131348e-01
5.179126858711242676e-01 4.049493670463562012e-01
5.198470950126647949e-01 4.056133329868316650e-01
5.454122424125671387e-01 4.186864197254180908e-01
5.455085039138793945e-01 4.178236126899719238e-01
5.448118448257446289e-01 4.180691242218017578e-01
4.421602487564086914e-01 3.645584583282470703e-01
3.470078110694885254e-01 4.430415928363800049e-01
4.791480302810668945e-01 1.095576405525207520e+00
3.356888294219970703e-01 4.668420255184173584e-01
3.344450592994689941e-01 4.667250812053680420e-01
3.321300745010375977e-01 4.692796170711517334e-01
3.268897533416748047e-01 4.708552658557891846e-01
3.361136913299560547e-01 5.059759616851806641e-01
4.604172110557556152e-01 1.090922951698303223e+00
4.445452094078063965e-01 1.087639570236206055e+00
4.239341020584106445e-01 1.084322690963745117e+00
4.034184217453002930e-01 1.081430912017822266e+00
3.919882178306579590e-01 1.078954815864562988e+00
3.407563567161560059e-01 4.613640606403350830e-01
4.995036125183105469e-01 7.023161053657531738e-01
4.831334352493286133e-01 6.934144496917724609e-01
4.022667407989501953e-01 7.203326821327209473e-01
3.334504961967468262e-01 7.713238596916198730e-01
3.297329545021057129e-01 7.587193846702575684e-01
3.257726430892944336e-01 7.507823705673217773e-01
3.174220323562622070e-01 7.417606711387634277e-01
3.648362159729003906e-01 7.399458289146423340e-01
3.695082068443298340e-01 7.399694323539733887e-01
1.754973977804183960e-01 1.102751016616821289e+00
1.887686401605606079e-01 1.116398453712463379e+00
1.944358795881271362e-01 1.127265334129333496e+00
1.964375525712966919e-01 1.134173631668090820e+00
1.978283077478408813e-01 1.136060476303100586e+00
1.993965357542037964e-01 1.149406075477600098e+00
1.985022872686386108e-01 1.159500718116760254e+00
1.632338613271713257e-01 1.084673643112182617e+00
1.628563255071640015e-01 1.089366078376770020e+00
1.625132709741592407e-01 1.090552687644958496e+00
1.619532853364944458e-01 1.092117905616760254e+00
1.609853357076644897e-01 1.092892169952392578e+00
1.592883020639419556e-01 1.091991186141967773e+00
1.634973734617233276e-01 1.091692447662353516e+00
1.636509448289871216e-01 1.091703891754150391e+00
1.431036442518234253e-01 1.043893218040466309e+00
1.486140936613082886e-01 1.047385454177856445e+00
1.472524553537368774e-01 1.045689821243286133e+00
1.523234099149703979e-01 1.047879815101623535e+00
1.604856401681900024e-01 1.050706744194030762e+00
1.637868136167526245e-01 1.057754635810852051e+00
1.637040823698043823e-01 1.060838222503662109e+00
4.756507277488708496e-01 7.804703712463378906e-01
4.775958657264709473e-01 7.822703123092651367e-01
4.835851192474365234e-01 7.863661050796508789e-01
4.870455265045166016e-01 7.890857458114624023e-01
4.877648949623107910e-01 7.902109622955322266e-01
4.888575077056884766e-01 7.908964753150939941e-01
4.887757897377014160e-01 7.905772924423217773e-01
4.880738258361816406e-01 7.908878922462463379e-01
4.853159785270690918e-01 7.921682000160217285e-01
4.834340810775756836e-01 7.925662994384765625e-01
4.822974801063537598e-01 7.925488948822021484e-01
4.758288860321044922e-01 7.895696759223937988e-01
4.820883274078369141e-01 7.974384427070617676e-01
4.989565014839172363e-01 7.843017578125000000e-01
4.975051283836364746e-01 7.841711044311523438e-01
5.064452290534973145e-01 7.882030606269836426e-01
5.088832974433898926e-01 7.866855859756469727e-01
5.103157162666320801e-01 7.858708500862121582e-01
5.125953555107116699e-01 7.847117781639099121e-01
4.740820527076721191e-01 7.733169198036193848e-01
4.743283987045288086e-01 7.775470614433288574e-01
4.747719168663024902e-01 7.791962623596191406e-01
1.030851304531097412e-01 7.094732522964477539e-01
1.030116677284240723e-01 7.091289162635803223e-01
1.260630786418914795e-01 6.378613710403442383e-01
1.257432252168655396e-01 6.371830105781555176e-01
1.233274638652801514e-01 6.371764540672302246e-01
8.728957176208496094e-02 7.437656521797180176e-01
8.964960277080535889e-02 7.604830265045166016e-01
6.917102634906768799e-02 6.942797303199768066e-01
6.858964264392852783e-02 6.936294436454772949e-01
9.310434758663177490e-02 7.138980627059936523e-01
9.377978742122650146e-02 7.146303653717041016e-01
9.344846010208129883e-02 7.142834663391113281e-01
9.384788572788238525e-02 7.142372131347656250e-01
9.384998679161071777e-02 7.137522101402282715e-01
9.380187094211578369e-02 7.135992050170898438e-01
9.368734061717987061e-02 7.135350108146667480e-01
9.316055476665496826e-02 7.142141461372375488e-01
8.125953376293182373e-02 7.258874773979187012e-01
7.998934388160705566e-02 7.251845598220825195e-01
8.611866831779479980e-02 7.208353877067565918e-01
8.708299696445465088e-02 7.195807099342346191e-01
8.302474021911621094e-02 7.153146266937255859e-01
6.037436127662658691e-01 6.627983450889587402e-01
5.185799598693847656e-01 6.387650370597839355e-01
4.561225771903991699e-01 6.186661720275878906e-01
4.350145459175109863e-01 6.065744757652282715e-01
5.478008985519409180e-01 3.870602846145629883e-01
5.304718017578125000e-01 3.895121514797210693e-01
4.998504519462585449e-01 3.817030191421508789e-01
4.876764416694641113e-01 3.790640532970428467e-01
4.720118045806884766e-01 3.693699240684509277e-01
4.537159204483032227e-01 3.530620634555816650e-01
4.570223689079284668e-01 3.548457622528076172e-01
4.243720769882202148e-01 4.201872646808624268e-01
4.256598949432373047e-01 4.227786362171173096e-01
4.262941479682922363e-01 4.249147772789001465e-01
4.247062206268310547e-01 4.290154576301574707e-01
4.216517806053161621e-01 4.335595965385437012e-01
4.938350319862365723e-01 3.722723424434661865e-01
4.154371023178100586e-01 5.671502947807312012e-01
4.151582121849060059e-01 5.668514966964721680e-01
4.172564148902893066e-01 5.650485157966613770e-01
4.240790009498596191e-01 5.659628510475158691e-01
4.246944189071655273e-01 5.352858901023864746e-01
4.968763589859008789e-01 3.832236826419830322e-01
5.063845515251159668e-01 3.536674380302429199e-01
5.120307207107543945e-01 3.286961019039154053e-01
5.026693940162658691e-01 4.701562225818634033e-01
5.051238536834716797e-01 4.647900462150573730e-01
5.062068700790405273e-01 4.568807184696197510e-01
5.060251951217651367e-01 4.445783793926239014e-01
5.052299499511718750e-01 4.343786835670471191e-01
5.036160349845886230e-01 4.219401180744171143e-01
5.007724165916442871e-01 4.073763489723205566e-01
5.004498362541198730e-01 4.059510827064514160e-01
3.767561912536621094e-01 3.732868134975433350e-01
3.802211284637451172e-01 3.771575689315795898e-01
3.814902901649475098e-01 3.784055411815643311e-01
3.871194124221801758e-01 3.853530585765838623e-01
3.865489363670349121e-01 3.844542205333709717e-01
3.883856534957885742e-01 3.894464969635009766e-01
3.864331841468811035e-01 3.846999406814575195e-01
3.861222267150878906e-01 3.832508027553558350e-01
3.805012702941894531e-01 4.154174029827117920e-01
3.829885125160217285e-01 4.224109351634979248e-01
4.150424003601074219e-01 3.679814338684082031e-01
2.840545773506164551e-01 3.507819175720214844e-01
2.863433957099914551e-01 3.474266529083251953e-01
2.935999035835266113e-01 3.400193452835083008e-01
2.968507409095764160e-01 3.374547958374023438e-01
5.630069971084594727e-01 1.979596316814422607e-01
5.092620849609375000e-01 2.590054571628570557e-01
4.622979760169982910e-01 3.151839673519134521e-01
4.252151846885681152e-01 3.774381279945373535e-01
4.257123470306396484e-01 3.717113733291625977e-01
3.838229775428771973e-01 3.113371431827545166e-01
3.867822885513305664e-01 3.179044723510742188e-01
3.915713429450988770e-01 3.334672152996063232e-01
3.905320763587951660e-01 3.314372897148132324e-01
3.944030404090881348e-01 3.381950557231903076e-01
3.980568051338195801e-01 3.435280323028564453e-01
4.031019210815429688e-01 3.493082523345947266e-01
4.112297892570495605e-01 3.594515621662139893e-01
4.213915467262268066e-01 3.713897168636322021e-01
4.329489469528198242e-01 3.871599733829498291e-01
4.459859132766723633e-01 4.621084332466125488e-01
4.437272548675537109e-01 4.595486223697662354e-01
4.423148632049560547e-01 4.562371075153350830e-01
6.662602424621582031e-01 6.371166706085205078e-01
6.220183968544006348e-01 5.732856392860412598e-01
6.696899533271789551e-01 6.205679178237915039e-01
3.496990203857421875e-01 7.894681096076965332e-01
3.516070842742919922e-01 7.900031805038452148e-01
3.653333187103271484e-01 7.996270656585693359e-01
3.667305707931518555e-01 8.006400465965270996e-01
4.154770374298095703e-01 8.605058789253234863e-01
5.270936489105224609e-01 9.774555563926696777e-01
4.742111563682556152e-01 9.153949618339538574e-01
6.449617743492126465e-01 9.526907801628112793e-01
6.475224494934082031e-01 9.537314772605895996e-01
6.466448307037353516e-01 9.683339595794677734e-01
8.237410187721252441e-01 9.114890694618225098e-01
8.023676872253417969e-01 9.317256808280944824e-01
8.001166582107543945e-01 9.325386285781860352e-01
7.967351078987121582e-01 9.329383969306945801e-01
7.928661704063415527e-01 9.327499866485595703e-01
7.901396751403808594e-01 9.297888278961181641e-01
7.896902561187744141e-01 9.292389750480651855e-01
7.862281799316406250e-01 9.220808744430541992e-01
7.870410084724426270e-01 9.235749244689941406e-01
4.940273165702819824e-01 4.403565824031829834e-01
4.922873377799987793e-01 4.481495320796966553e-01
5.192511677742004395e-01 3.620243668556213379e-01
5.178123116493225098e-01 3.650905787944793701e-01
5.162136554718017578e-01 3.670665621757507324e-01
5.125944614410400391e-01 3.703833818435668945e-01
4.888937473297119141e-01 3.819530606269836426e-01
5.090301632881164551e-01 3.741392791271209717e-01
5.057300329208374023e-01 3.790227770805358887e-01
4.967289566993713379e-01 3.865283131599426270e-01
4.937649369239807129e-01 3.850966393947601318e-01
4.907485842704772949e-01 3.831927180290222168e-01
4.876292943954467773e-01 3.810833096504211426e-01
4.838755130767822266e-01 3.785684704780578613e-01
4.828401207923889160e-01 3.781201839447021484e-01
4.678208231925964355e-01 3.471578955650329590e-01
4.648752808570861816e-01 3.459783792495727539e-01
4.630320668220520020e-01 3.451129794120788574e-01
4.596174955368041992e-01 3.426888585090637207e-01
4.996427893638610840e-01 3.536364138126373291e-01
4.937613606452941895e-01 4.302668869495391846e-01
4.947999119758605957e-01 4.359764754772186279e-01
6.464896202087402344e-01 4.245431125164031982e-01
6.471194028854370117e-01 4.301808178424835205e-01
6.473671197891235352e-01 4.315164685249328613e-01
6.479840278625488281e-01 4.332415759563446045e-01
6.480858922004699707e-01 4.337266683578491211e-01
6.488717198371887207e-01 4.339336454868316650e-01
6.204063296318054199e-01 4.445810317993164062e-01
6.128801703453063965e-01 4.457109868526458740e-01
6.008467078208923340e-01 4.474073052406311035e-01
5.897994041442871094e-01 4.486807584762573242e-01
5.620356798171997070e-01 4.514482021331787109e-01
5.495505332946777344e-01 4.525280892848968506e-01
5.148004293441772461e-01 4.552697241306304932e-01
4.816456437110900879e-01 4.587647318840026855e-01
4.604384899139404297e-01 4.613827764987945557e-01
4.341560006141662598e-01 4.957148134708404541e-01
4.354771971702575684e-01 4.949023127555847168e-01
4.363205432891845703e-01 4.945089519023895264e-01
4.418925642967224121e-01 4.884198904037475586e-01
4.411373138427734375e-01 4.864995181560516357e-01
4.582293033599853516e-01 5.202875733375549316e-01
4.390735626220703125e-01 4.855816066265106201e-01
4.215427637100219727e-01 4.550970494747161865e-01
4.527924656867980957e-01 4.881396293640136719e-01
4.535365700721740723e-01 4.776090383529663086e-01
4.541954398155212402e-01 5.036343932151794434e-01
4.539382457733154297e-01 5.050562024116516113e-01
4.531500935554504395e-01 5.061051845550537109e-01
4.552419185638427734e-01 4.664223492145538330e-01
5.394129157066345215e-01 2.996928095817565918e-01
5.460453629493713379e-01 3.050473928451538086e-01
5.589193701744079590e-01 3.069679737091064453e-01
5.648010373115539551e-01 3.091826438903808594e-01
5.681591033935546875e-01 3.109959661960601807e-01
5.725622773170471191e-01 3.141961693763732910e-01
5.740090608596801758e-01 3.169300556182861328e-01
5.742242932319641113e-01 3.185883462429046631e-01
5.646029114723205566e-01 3.253825008869171143e-01
4.264304041862487793e-01 3.325735926628112793e-01
4.245356321334838867e-01 3.290697634220123291e-01
4.237151741981506348e-01 3.254888653755187988e-01
4.346207380294799805e-01 3.192311525344848633e-01
4.105315804481506348e-01 3.247368335723876953e-01
4.095556735992431641e-01 3.260726332664489746e-01
4.954493045806884766e-01 7.432196140289306641e-01
4.871712923049926758e-01 5.459641218185424805e-01
4.878551363945007324e-01 5.472201108932495117e-01
4.892559051513671875e-01 5.486604571342468262e-01
4.902197718620300293e-01 5.499296784400939941e-01
4.685088396072387695e-01 5.400798320770263672e-01
4.907467365264892578e-01 6.710551381111145020e-01
4.942335486412048340e-01 6.773890852928161621e-01
4.961103796958923340e-01 6.807798147201538086e-01
4.972274303436279297e-01 6.829562783241271973e-01
5.002121329307556152e-01 6.861305832862854004e-01
5.005277395248413086e-01 6.858966350555419922e-01
5.013300180435180664e-01 6.865857839584350586e-01
5.044080018997192383e-01 6.892847418785095215e-01
5.077972412109375000e-01 6.943464279174804688e-01
5.094696879386901855e-01 6.994192004203796387e-01
5.100497007369995117e-01 7.053025960922241211e-01
4.866169095039367676e-01 6.440560221672058105e-01
5.166263580322265625e-01 6.532320976257324219e-01
5.115874409675598145e-01 6.391959190368652344e-01
5.097525715827941895e-01 6.260609030723571777e-01
5.015095472335815430e-01 6.207274198532104492e-01
5.290722250938415527e-01 4.393784701824188232e-01
5.594841837882995605e-01 4.102233648300170898e-01
5.995304584503173828e-01 4.480033218860626221e-01
5.962396860122680664e-01 4.563819766044616699e-01
5.847762227058410645e-01 4.459242820739746094e-01
5.633887648582458496e-01 4.257344603538513184e-01
5.516070723533630371e-01 4.149722754955291748e-01
5.353100895881652832e-01 4.001317024230957031e-01
5.229273438453674316e-01 3.882820308208465576e-01
5.827706456184387207e-01 4.307673275470733643e-01
5.744549632072448730e-01 4.285852313041687012e-01
5.640875101089477539e-01 4.275795519351959229e-01
5.498486161231994629e-01 4.291797280311584473e-01
5.391931533813476562e-01 4.303724169731140137e-01
5.294469594955444336e-01 4.314559996128082275e-01
5.184673666954040527e-01 4.324662983417510986e-01
5.500277876853942871e-01 4.062813818454742432e-01
5.489462018013000488e-01 4.044747352600097656e-01
5.495285987854003906e-01 4.032123386859893799e-01
5.500563383102416992e-01 4.038148522377014160e-01
5.502893924713134766e-01 4.049471020698547363e-01
5.504797101020812988e-01 4.056728184223175049e-01
4.981387257575988770e-01 3.235496282577514648e-01
5.043351650238037109e-01 3.290944993495941162e-01
5.077136158943176270e-01 3.320811986923217773e-01
5.223087668418884277e-01 3.441231846809387207e-01
5.237787961959838867e-01 3.452109992504119873e-01
5.336390137672424316e-01 3.527954220771789551e-01
4.898522496223449707e-01 3.553342819213867188e-01
4.992725253105163574e-01 3.531119823455810547e-01
5.019371509552001953e-01 3.521660268306732178e-01
5.065943598747253418e-01 3.507034182548522949e-01
5.138785243034362793e-01 3.487683236598968506e-01
5.167394280433654785e-01 3.481740355491638184e-01
5.266478657722473145e-01 3.466923236846923828e-01
5.306658148765563965e-01 3.461102247238159180e-01
5.421320199966430664e-01 3.473774492740631104e-01
4.603701829910278320e-01 3.046698570251464844e-01
4.636635184288024902e-01 3.014013469219207764e-01
4.692848920822143555e-01 2.944111526012420654e-01
4.659261107444763184e-01 3.205732405185699463e-01
4.652079343795776367e-01 3.219615817070007324e-01
4.655157923698425293e-01 3.223965466022491455e-01
4.670920968055725098e-01 3.223608732223510742e-01
4.996795654296875000e-01 2.992334365844726562e-01
5.021947026252746582e-01 2.992196977138519287e-01
5.062703490257263184e-01 3.003502488136291504e-01
5.089399218559265137e-01 3.015428185462951660e-01
5.105237960815429688e-01 3.021761775016784668e-01
5.139724016189575195e-01 3.032280206680297852e-01
5.162319540977478027e-01 3.039783835411071777e-01
5.210842490196228027e-01 3.066412210464477539e-01
5.491006970405578613e-01 2.999246716499328613e-01
5.484522581100463867e-01 3.002377450466156006e-01
5.514621138572692871e-01 3.017863333225250244e-01
5.538566708564758301e-01 3.025981187820434570e-01
5.677677989006042480e-01 3.090198934078216553e-01
4.770296812057495117e-01 2.960288822650909424e-01
5.219456553459167480e-01 2.872865498065948486e-01
5.209432244300842285e-01 2.873059809207916260e-01
5.188388228416442871e-01 2.878462076187133789e-01
4.454200267791748047e-01 2.899922132492065430e-01
4.272710084915161133e-01 2.974102199077606201e-01
4.477933645248413086e-01 3.031111061573028564e-01
4.519640803337097168e-01 3.051980733871459961e-01
4.561530351638793945e-01 3.070448040962219238e-01
5.754488706588745117e-01 3.409656882286071777e-01
5.963190197944641113e-01 3.541869521141052246e-01
5.809077024459838867e-01 3.221356272697448730e-01
5.791537165641784668e-01 3.216843903064727783e-01
5.743080377578735352e-01 3.208602368831634521e-01
5.693994164466857910e-01 3.203662633895874023e-01
5.635204315185546875e-01 3.197469413280487061e-01
5.847314000129699707e-01 3.249035775661468506e-01
5.829080343246459961e-01 3.285280168056488037e-01
5.815246105194091797e-01 3.296000957489013672e-01
5.776412487030029297e-01 3.311965763568878174e-01
5.753416419029235840e-01 3.316201269626617432e-01
5.724481940269470215e-01 3.320708870887756348e-01
5.674675107002258301e-01 3.334663808345794678e-01
5.648998618125915527e-01 3.361051082611083984e-01
5.632908344268798828e-01 3.405343294143676758e-01
5.637800097465515137e-01 3.414152562618255615e-01
5.650871396064758301e-01 3.420695364475250244e-01
5.183830857276916504e-01 3.065624535083770752e-01
5.621705651283264160e-01 3.348298370838165283e-01
5.329335331916809082e-01 2.826123237609863281e-01
5.299280881881713867e-01 2.782353162765502930e-01
5.076359510421752930e-01 4.550973176956176758e-01
5.101761221885681152e-01 4.428252577781677246e-01
5.138066411018371582e-01 4.343922138214111328e-01
5.182697772979736328e-01 4.274531006813049316e-01
5.473238825798034668e-01 3.753524422645568848e-01
5.373601317405700684e-01 3.805806040763854980e-01
5.257956385612487793e-01 3.842669129371643066e-01
5.206697583198547363e-01 3.857215642929077148e-01
5.038680434226989746e-01 3.909646570682525635e-01
4.961688518524169922e-01 3.938541114330291748e-01
4.927867054939270020e-01 3.951375782489776611e-01
4.463406801223754883e-01 4.707663953304290771e-01
5.211890935897827148e-01 4.313426613807678223e-01
5.149297714233398438e-01 4.352535903453826904e-01
5.092477798461914062e-01 4.384073913097381592e-01
4.374809265136718750e-01 4.016278088092803955e-01
4.416471719741821289e-01 3.973917961120605469e-01
4.425897598266601562e-01 3.968213796615600586e-01
4.471462965011596680e-01 3.939133584499359131e-01
4.541057944297790527e-01 3.911493420600891113e-01
4.545802474021911621e-01 3.911760747432708740e-01
4.631023406982421875e-01 3.900699317455291748e-01
5.101364850997924805e-01 5.270254611968994141e-01
5.146690011024475098e-01 5.287919044494628906e-01
5.159686207771301270e-01 5.320858359336853027e-01
5.174711942672729492e-01 5.379272699356079102e-01
5.173288583755493164e-01 5.426743626594543457e-01
5.165051221847534180e-01 5.455213785171508789e-01
5.136984586715698242e-01 5.495594739913940430e-01
4.933142066001892090e-01 5.337343811988830566e-01
4.928099513053894043e-01 5.321441888809204102e-01
3.208413720130920410e-01 2.402293682098388672e-01
3.214617967605590820e-01 2.423573434352874756e-01
3.242767453193664551e-01 2.428408861160278320e-01
3.353001475334167480e-01 2.420162558555603027e-01
3.398271799087524414e-01 2.414395213127136230e-01
3.542353510856628418e-01 2.387709915637969971e-01
3.677375316619873047e-01 3.447360396385192871e-01
3.725280761718750000e-01 3.444949984550476074e-01
3.738793730735778809e-01 3.448847234249114990e-01
3.747037649154663086e-01 3.455683588981628418e-01
5.227084159851074219e-01 4.072418212890625000e-01
5.449187755584716797e-01 4.223732650279998779e-01
5.595200657844543457e-01 4.430817365646362305e-01
4.790077805519104004e-01 4.357164502143859863e-01
4.828466773033142090e-01 4.436718225479125977e-01
4.828502535820007324e-01 4.447951912879943848e-01
4.553090929985046387e-01 4.308495819568634033e-01
4.562097787857055664e-01 4.701484143733978271e-01
4.590114951133728027e-01 4.668337404727935791e-01
5.070611834526062012e-01 4.033395648002624512e-01
4.980252981185913086e-01 4.074238538742065430e-01
4.931486845016479492e-01 4.091959893703460693e-01
4.882848858833312988e-01 4.109039604663848877e-01
4.854706525802612305e-01 4.121022820472717285e-01
4.771953225135803223e-01 4.158145189285278320e-01
4.722729921340942383e-01 4.184765815734863281e-01
4.714196920394897461e-01 4.187521040439605713e-01
4.583946466445922852e-01 4.256993234157562256e-01
4.497927427291870117e-01 4.176588952541351318e-01
4.505464434623718262e-01 4.168004095554351807e-01
4.674642682075500488e-01 4.113667309284210205e-01
4.727187752723693848e-01 4.061297178268432617e-01
4.814693927764892578e-01 3.962355256080627441e-01
4.908804297447204590e-01 3.845043182373046875e-01
4.974793791770935059e-01 3.756930828094482422e-01
6.598822474479675293e-01 6.680571436882019043e-01
6.557232141494750977e-01 6.683250069618225098e-01
6.483496427536010742e-01 6.677061915397644043e-01
6.504791378974914551e-01 6.693991422653198242e-01
6.529740691184997559e-01 6.729927659034729004e-01
6.550932526588439941e-01 6.751638650894165039e-01
6.568501591682434082e-01 6.762858033180236816e-01
6.805771589279174805e-01 6.696689724922180176e-01
5.635454058647155762e-01 6.383749246597290039e-01
5.252733826637268066e-01 6.526941061019897461e-01
5.019508004188537598e-01 6.429595351219177246e-01
3.749053478240966797e-01 6.140808463096618652e-01
3.789288401603698730e-01 6.179710030555725098e-01
3.878472447395324707e-01 6.236196160316467285e-01
4.013963341712951660e-01 6.306027173995971680e-01
4.180678725242614746e-01 6.385208964347839355e-01
4.320306181907653809e-01 6.454559564590454102e-01
4.479366540908813477e-01 6.549003124237060547e-01
5.420753359794616699e-01 6.613270640373229980e-01
5.600980520248413086e-01 6.642547249794006348e-01
5.764337778091430664e-01 6.646973490715026855e-01
5.887347459793090820e-01 6.627579331398010254e-01
5.014663934707641602e-01 2.631638944149017334e-01
4.753435254096984863e-01 3.805010616779327393e-01
4.731084108352661133e-01 3.787655234336853027e-01
4.852445721626281738e-01 3.748604953289031982e-01
4.872460365295410156e-01 3.775947988033294678e-01
4.898754954338073730e-01 3.806036412715911865e-01
4.898614883422851562e-01 3.805914819240570068e-01
4.896668791770935059e-01 3.803797364234924316e-01
4.866405129432678223e-01 3.779023289680480957e-01
4.853246808052062988e-01 3.767869770526885986e-01
4.871588349342346191e-01 3.871803581714630127e-01
4.871454238891601562e-01 3.856154680252075195e-01
4.864940643310546875e-01 3.839995861053466797e-01
4.859345555305480957e-01 3.832106590270996094e-01
4.860352277755737305e-01 3.815858960151672363e-01
5.108581781387329102e-01 3.120413720607757568e-01
4.977465867996215820e-01 3.102554678916931152e-01
4.966276288032531738e-01 3.116405904293060303e-01
4.959899783134460449e-01 3.123885691165924072e-01
4.939631223678588867e-01 3.166917860507965088e-01
4.920700788497924805e-01 3.215375542640686035e-01
4.887833595275878906e-01 3.247839808464050293e-01
5.229995250701904297e-01 4.357253909111022949e-01
5.167642831802368164e-01 4.498132467269897461e-01
5.156468749046325684e-01 4.520841538906097412e-01
5.140587091445922852e-01 4.562369585037231445e-01
5.102719664573669434e-01 4.680362641811370850e-01
5.054833292961120605e-01 4.854472279548645020e-01
4.965820908546447754e-01 5.034603476524353027e-01
4.919928908348083496e-01 4.951897859573364258e-01
4.990245103836059570e-01 4.609251916408538818e-01
5.000655055046081543e-01 4.541947543621063232e-01
5.080764293670654297e-01 3.936553597450256348e-01
5.126821994781494141e-01 3.355492055416107178e-01
5.134907960891723633e-01 3.023231327533721924e-01
5.418508052825927734e-01 4.979230463504791260e-01
5.426818132400512695e-01 5.009916424751281738e-01
5.388222336769104004e-01 5.061354041099548340e-01
5.372348427772521973e-01 5.069655776023864746e-01
4.747127890586853027e-01 5.084555149078369141e-01
4.799641966819763184e-01 4.894045591354370117e-01
6.013478040695190430e-01 3.829593360424041748e-01
6.026019454002380371e-01 3.817796409130096436e-01
6.060691475868225098e-01 3.767866790294647217e-01
5.464556217193603516e-01 6.013459563255310059e-01
5.476884245872497559e-01 5.998886823654174805e-01
5.492905378341674805e-01 5.985086560249328613e-01
5.534259676933288574e-01 5.968565940856933594e-01
5.576723814010620117e-01 5.959665179252624512e-01
4.791346788406372070e-01 5.702976584434509277e-01
5.058480501174926758e-01 5.947117805480957031e-01
5.040532946586608887e-01 5.950459241867065430e-01
5.022938847541809082e-01 5.951673984527587891e-01
4.977358579635620117e-01 5.956631898880004883e-01
4.968439936637878418e-01 5.956855416297912598e-01
4.920753836631774902e-01 5.953418016433715820e-01
4.880021214485168457e-01 5.949925780296325684e-01
4.836082458496093750e-01 5.947858095169067383e-01
4.720281958580017090e-01 6.012662649154663086e-01
4.768275618553161621e-01 5.994340777397155762e-01
5.048438906669616699e-01 6.141664981842041016e-01
5.005803108215332031e-01 6.107070446014404297e-01
5.005725622177124023e-01 6.148048043251037598e-01
5.004717111587524414e-01 6.134680509567260742e-01
5.009314417839050293e-01 6.154682040214538574e-01
5.018857121467590332e-01 6.151021718978881836e-01
3.675824403762817383e-01 3.295628428459167480e-01
7.114780545234680176e-01 3.887824118137359619e-01
7.086749672889709473e-01 3.780283629894256592e-01
7.019188404083251953e-01 3.557301163673400879e-01
7.004141211509704590e-01 3.511345088481903076e-01
4.759076237678527832e-01 3.288529813289642334e-01
4.941468834877014160e-01 3.278617858886718750e-01
4.554861187934875488e-01 3.305394947528839111e-01
4.580060243606567383e-01 3.302129805088043213e-01
4.522566795349121094e-01 3.309486508369445801e-01
3.910126686096191406e-01 3.313287496566772461e-01
4.505043625831604004e-01 3.430487811565399170e-01
4.843111634254455566e-01 3.457287549972534180e-01
5.330687165260314941e-01 3.481109142303466797e-01
5.845896005630493164e-01 3.512103855609893799e-01
6.155855059623718262e-01 3.586223125457763672e-01
6.316423416137695312e-01 3.654805421829223633e-01
6.409022212028503418e-01 3.784440457820892334e-01
6.404930353164672852e-01 3.849274814128875732e-01
6.388738751411437988e-01 3.927497267723083496e-01
6.583285331726074219e-01 4.042380750179290771e-01
6.072725653648376465e-01 3.397370576858520508e-01
5.493585467338562012e-01 6.302209496498107910e-01
5.480756759643554688e-01 6.263042092323303223e-01
5.475780963897705078e-01 6.258399486541748047e-01
5.468140840530395508e-01 6.271474361419677734e-01
5.467206239700317383e-01 6.273229122161865234e-01
5.461208224296569824e-01 6.287801861763000488e-01
5.447828173637390137e-01 6.319414377212524414e-01
5.449894666671752930e-01 6.316154599189758301e-01
5.442034006118774414e-01 6.333323121070861816e-01
5.395761728286743164e-01 6.403678059577941895e-01
5.365287661552429199e-01 6.380546689033508301e-01
4.943895339965820312e-01 6.759422421455383301e-01
4.951655268669128418e-01 6.727620959281921387e-01
4.960835576057434082e-01 6.722913980484008789e-01
4.964661598205566406e-01 6.722522377967834473e-01
4.994762539863586426e-01 6.729057431221008301e-01
4.999711513519287109e-01 6.730961799621582031e-01
5.090874433517456055e-01 6.656733155250549316e-01
5.109479427337646484e-01 6.647005677223205566e-01
5.108711719512939453e-01 6.648099422454833984e-01
5.135282874107360840e-01 6.636821627616882324e-01
5.149219632148742676e-01 6.631265878677368164e-01
4.934310913085937500e-01 4.166313707828521729e-01
5.090827941894531250e-01 4.127803444862365723e-01
5.113011598587036133e-01 4.119825363159179688e-01
5.163847804069519043e-01 4.100829064846038818e-01
5.231541395187377930e-01 4.089874327182769775e-01
5.236412286758422852e-01 3.853530883789062500e-01
5.990985035896301270e-01 5.082652568817138672e-01
5.987685918807983398e-01 5.098500847816467285e-01
4.995306730270385742e-01 5.232909917831420898e-01
5.092304348945617676e-01 5.210005044937133789e-01
5.114062428474426270e-01 5.206232070922851562e-01
5.174261927604675293e-01 5.198394060134887695e-01
5.278761982917785645e-01 5.193092226982116699e-01
5.386462807655334473e-01 5.283582210540771484e-01
5.487682223320007324e-01 5.360316038131713867e-01
5.487679243087768555e-01 5.361558198928833008e-01
5.584536790847778320e-01 5.409586429595947266e-01
5.605867505073547363e-01 5.418217778205871582e-01
5.644589066505432129e-01 5.442034006118774414e-01
5.645707845687866211e-01 5.490756034851074219e-01
5.659324526786804199e-01 5.499672889709472656e-01
5.627220869064331055e-01 5.531178712844848633e-01
2.440979331731796265e-01 6.447030901908874512e-01
2.427311390638351440e-01 6.459074616432189941e-01
2.413267642259597778e-01 6.467982530593872070e-01
2.427180558443069458e-01 6.446296572685241699e-01
2.066064924001693726e-01 5.505425333976745605e-01
2.820176482200622559e-01 5.008453130722045898e-01
2.836769819259643555e-01 5.004414319992065430e-01
2.843370437622070312e-01 5.017129778861999512e-01
2.842282056808471680e-01 5.037818551063537598e-01
2.795323729515075684e-01 5.072950124740600586e-01
2.597088813781738281e-01 5.882430076599121094e-01
2.593608498573303223e-01 5.898058414459228516e-01
2.639762163162231445e-01 5.969766974449157715e-01
2.643408775329589844e-01 6.002472639083862305e-01
2.409529834985733032e-01 5.936112403869628906e-01
2.428330630064010620e-01 6.302942633628845215e-01
2.408219724893569946e-01 6.293607354164123535e-01
2.403473705053329468e-01 6.248877644538879395e-01
2.403567582368850708e-01 6.246299147605895996e-01
2.403102070093154907e-01 6.223317384719848633e-01
2.453279644250869751e-01 6.275336146354675293e-01
2.464807480573654175e-01 6.390441656112670898e-01
5.390014648437500000e-01 7.044709324836730957e-01
5.437367558479309082e-01 7.025027275085449219e-01
5.486422777175903320e-01 7.003923058509826660e-01
5.484873652458190918e-01 7.005217671394348145e-01
5.494714379310607910e-01 7.028506398200988770e-01
5.491737127304077148e-01 7.054757475852966309e-01
5.488807559013366699e-01 7.070975899696350098e-01
5.480666756629943848e-01 7.109326124191284180e-01
5.479516983032226562e-01 7.114315629005432129e-01
5.473565459251403809e-01 7.164455056190490723e-01
5.380953550338745117e-01 7.454534173011779785e-01
5.287191867828369141e-01 7.446442246437072754e-01
5.292211174964904785e-01 7.439827322959899902e-01
5.362051725387573242e-01 6.986424922943115234e-01
5.320876836776733398e-01 6.998397111892700195e-01
5.319031476974487305e-01 7.000510096549987793e-01
5.315337181091308594e-01 7.004555463790893555e-01
5.324366688728332520e-01 7.005771994590759277e-01
5.338595509529113770e-01 6.993365287780761719e-01
5.350842475891113281e-01 6.987245678901672363e-01
5.362042188644409180e-01 6.988300085067749023e-01
5.376501679420471191e-01 6.991065144538879395e-01
3.926456570625305176e-01 3.628526031970977783e-01
4.004687070846557617e-01 3.643387854099273682e-01
4.183157086372375488e-01 3.677131235599517822e-01
4.589250087738037109e-01 3.688564002513885498e-01
4.909693002700805664e-01 3.703473210334777832e-01
3.942043781280517578e-01 3.811562359333038330e-01
3.903368115425109863e-01 3.923592567443847656e-01
4.586207866668701172e-01 3.770515620708465576e-01
3.349573016166687012e-01 3.605130612850189209e-01
4.068843722343444824e-01 4.081221222877502441e-01
4.074167013168334961e-01 4.035992622375488281e-01
4.105002284049987793e-01 3.993636071681976318e-01
4.117403626441955566e-01 3.995363414287567139e-01
4.139456748962402344e-01 4.005990922451019287e-01
4.154237508773803711e-01 4.018137156963348389e-01
4.169424772262573242e-01 4.029369354248046875e-01
4.027311205863952637e-01 3.905028104782104492e-01
4.014273285865783691e-01 3.837301731109619141e-01
4.009606242179870605e-01 3.793161511421203613e-01
4.006804823875427246e-01 3.772071897983551025e-01
3.999170660972595215e-01 3.751045763492584229e-01
3.978195190429687500e-01 3.713808357715606689e-01
4.437526464462280273e-01 3.326313495635986328e-01
4.452067613601684570e-01 3.336759209632873535e-01
4.455877542495727539e-01 3.338918387889862061e-01
4.458990097045898438e-01 3.353047668933868408e-01
4.461367726325988770e-01 3.366062641143798828e-01
4.463548660278320312e-01 3.372105062007904053e-01
4.216765761375427246e-01 3.417893052101135254e-01
4.233921766281127930e-01 3.376579582691192627e-01
4.225459098815917969e-01 3.317856788635253906e-01
4.193199276924133301e-01 3.304370343685150146e-01
4.183720350265502930e-01 3.221411705017089844e-01
4.444032907485961914e-01 3.281796574592590332e-01
4.414957165718078613e-01 3.226613402366638184e-01
4.356467723846435547e-01 3.411524295806884766e-01
4.368997812271118164e-01 3.400712311267852783e-01
4.375997781753540039e-01 3.396719396114349365e-01
4.389327764511108398e-01 3.397484719753265381e-01
4.410645365715026855e-01 3.411100506782531738e-01
4.339236021041870117e-01 3.350628316402435303e-01
4.366320371627807617e-01 3.337749242782592773e-01
4.394387006759643555e-01 3.326625823974609375e-01
4.427565336227416992e-01 3.317452371120452881e-01
5.300564169883728027e-01 3.078358173370361328e-01
4.623935818672180176e-01 4.228169620037078857e-01
4.579022526741027832e-01 4.206243157386779785e-01
4.575806260108947754e-01 4.191687703132629395e-01
5.271411538124084473e-01 3.001075387001037598e-01
5.291244983673095703e-01 3.050950467586517334e-01
5.280544161796569824e-01 3.029979765415191650e-01
5.271324515342712402e-01 3.002341687679290771e-01
5.302549004554748535e-01 3.000966608524322510e-01
5.317155718803405762e-01 2.978940606117248535e-01
5.336422920227050781e-01 2.956419587135314941e-01
5.349107384681701660e-01 2.945434451103210449e-01
5.359237194061279297e-01 2.946559190750122070e-01
5.353279113769531250e-01 2.966304719448089600e-01
5.336968302726745605e-01 2.988982498645782471e-01
5.316493511199951172e-01 3.010008335113525391e-01
4.979442358016967773e-01 3.263605833053588867e-01
4.925528168678283691e-01 3.316565454006195068e-01
4.881690740585327148e-01 3.274497687816619873e-01
4.835898280143737793e-01 3.208126723766326904e-01
4.820345044136047363e-01 3.181884288787841797e-01
4.812138676643371582e-01 3.153745234012603760e-01
2.668271064758300781e-01 1.239408627152442932e-01
2.668238878250122070e-01 1.239385455846786499e-01
2.690336704254150391e-01 1.279532909393310547e-01
2.733571529388427734e-01 1.869467943906784058e-01
2.748367786407470703e-01 1.864114552736282349e-01
5.166490077972412109e-01 6.280076503753662109e-01
5.239611268043518066e-01 6.308285593986511230e-01
2.752391695976257324e-01 1.877939105033874512e-01
2.755577564239501953e-01 1.872797012329101562e-01
2.772541046142578125e-01 1.861311346292495728e-01
2.813065052032470703e-01 1.864122003316879272e-01
2.815768718719482422e-01 1.864366680383682251e-01
2.865561246871948242e-01 1.871706545352935791e-01
4.613649845123291016e-01 8.096823692321777344e-01
4.616723656654357910e-01 8.116128444671630859e-01
4.618217349052429199e-01 8.122488856315612793e-01
4.617679119110107422e-01 8.133699297904968262e-01
4.620897173881530762e-01 8.148916363716125488e-01
4.241461157798767090e-01 7.720161080360412598e-01
4.250118732452392578e-01 7.792662978172302246e-01
4.255447387695312500e-01 7.786588072776794434e-01
4.285525083541870117e-01 7.973667979240417480e-01
4.707126021385192871e-01 8.214772343635559082e-01
4.694862365722656250e-01 8.187577128410339355e-01
4.728409051895141602e-01 8.193203210830688477e-01
4.741617441177368164e-01 8.201020956039428711e-01
4.785729646682739258e-01 8.246164917945861816e-01
4.811995625495910645e-01 8.307845592498779297e-01
4.815056920051574707e-01 8.337197303771972656e-01
4.813482761383056641e-01 8.362322449684143066e-01
4.805104732513427734e-01 8.387274146080017090e-01
5.702788829803466797e-01 6.228652000427246094e-01
5.783502459526062012e-01 6.213937401771545410e-01
4.338298439979553223e-01 8.186848163604736328e-01
4.386698007583618164e-01 8.198478817939758301e-01
4.443885684013366699e-01 8.265820741653442383e-01
4.454688429832458496e-01 8.284241557121276855e-01
4.525188803672790527e-01 8.399816751480102539e-01
4.536142945289611816e-01 8.400437831878662109e-01
4.549000263214111328e-01 8.401399254798889160e-01
4.564747214317321777e-01 8.376762866973876953e-01
4.566293954849243164e-01 8.348708152770996094e-01
4.447502493858337402e-01 8.204579353332519531e-01
4.570002555847167969e-01 8.289058208465576172e-01
4.712074398994445801e-01 5.750585794448852539e-01
4.707624912261962891e-01 5.804457664489746094e-01
4.705235362052917480e-01 5.940986871719360352e-01
4.749422669410705566e-01 6.158728003501892090e-01
4.769796729087829590e-01 6.227617263793945312e-01
4.795408248901367188e-01 6.308235526084899902e-01
4.983824491500854492e-01 7.320140600204467773e-01
5.006567835807800293e-01 7.307571768760681152e-01
5.007366538047790527e-01 7.280485033988952637e-01
5.000755190849304199e-01 7.267096638679504395e-01
4.979665875434875488e-01 7.240581512451171875e-01
4.967919588088989258e-01 7.231271862983703613e-01
4.950017333030700684e-01 7.226879000663757324e-01
4.899201393127441406e-01 7.231221199035644531e-01
4.879568219184875488e-01 7.236417531967163086e-01
4.857811331748962402e-01 7.244946360588073730e-01
4.843926429748535156e-01 7.240321040153503418e-01
4.835379123687744141e-01 7.229951024055480957e-01
4.829688072204589844e-01 7.222352027893066406e-01
4.849650859832763672e-01 7.180630564689636230e-01
4.756301641464233398e-01 6.102680563926696777e-01
4.510895609855651855e-01 5.718249678611755371e-01
4.315465688705444336e-01 1.262853741645812988e-01
4.620179533958435059e-01 2.444506883621215820e-01
4.584357142448425293e-01 2.729720771312713623e-01
4.524831175804138184e-01 4.156536757946014404e-01
4.535583257675170898e-01 4.728925824165344238e-01
4.547411799430847168e-01 4.896335899829864502e-01
4.574688673019409180e-01 5.237701535224914551e-01
5.641653537750244141e-01 5.956265330314636230e-01
5.573191642761230469e-01 5.929924249649047852e-01
4.321140050888061523e-01 5.608402490615844727e-01
4.568618535995483398e-01 5.076507329940795898e-01
4.668802618980407715e-01 4.837189614772796631e-01
4.688361883163452148e-01 4.786408841609954834e-01
4.740446209907531738e-01 4.666264057159423828e-01
4.750266075134277344e-01 4.634558856487274170e-01
4.805806875228881836e-01 4.530768692493438721e-01
4.856293797492980957e-01 4.446049630641937256e-01
4.978396892547607422e-01 4.263639152050018311e-01
5.027412176132202148e-01 4.196006357669830322e-01
3.855825662612915039e-01 2.655152678489685059e-01
3.713272213935852051e-01 8.434976637363433838e-02
3.723290562629699707e-01 7.602094113826751709e-02
4.900704622268676758e-01 7.627070546150207520e-01
4.938340187072753906e-01 7.623722553253173828e-01
4.951764941215515137e-01 7.615554332733154297e-01
5.011648535728454590e-01 6.554894447326660156e-01
5.021054148674011230e-01 6.534985303878784180e-01
5.036392211914062500e-01 6.493163704872131348e-01
5.042473673820495605e-01 6.481076478958129883e-01
5.052076578140258789e-01 6.442965865135192871e-01
5.035769343376159668e-01 6.321782469749450684e-01
5.031519532203674316e-01 6.330444812774658203e-01
5.184494853019714355e-01 6.391938328742980957e-01
5.247865915298461914e-01 6.404237151145935059e-01
5.359655618667602539e-01 6.405423283576965332e-01
5.375058650970458984e-01 6.403024792671203613e-01
5.435143113136291504e-01 6.393116116523742676e-01
5.476648807525634766e-01 6.383157372474670410e-01
4.302221536636352539e-01 7.282344698905944824e-01
4.355681538581848145e-01 7.231183052062988281e-01
4.379841089248657227e-01 7.203923463821411133e-01
4.422185420989990234e-01 7.163764238357543945e-01
4.461696743965148926e-01 7.110072970390319824e-01
4.899504184722900391e-01 7.620279788970947266e-01
3.440567255020141602e-01 5.966898798942565918e-01
3.351897001266479492e-01 5.879991054534912109e-01
3.172184824943542480e-01 5.764897465705871582e-01
3.109292984008789062e-01 5.746266841888427734e-01
3.057834506034851074e-01 5.711075663566589355e-01
3.007941246032714844e-01 5.718151926994323730e-01
2.956073284149169922e-01 5.557482242584228516e-01
3.041617870330810547e-01 5.656472444534301758e-01
4.111810922622680664e-01 6.309739351272583008e-01
4.161648750305175781e-01 6.547002196311950684e-01
3.117899298667907715e-01 7.087102532386779785e-01
3.107880949974060059e-01 7.018990516662597656e-01
3.121690154075622559e-01 6.979998946189880371e-01
3.167488574981689453e-01 6.906951665878295898e-01
3.172131180763244629e-01 6.890289187431335449e-01
3.609377741813659668e-01 5.347097516059875488e-01
3.613126277923583984e-01 5.283870697021484375e-01
3.987908363342285156e-01 4.841233789920806885e-01
3.985511064529418945e-01 4.878267943859100342e-01
3.971663117408752441e-01 4.970122277736663818e-01
3.973118662834167480e-01 5.001356601715087891e-01
3.999105095863342285e-01 5.022358298301696777e-01
