3.634699881076812744e-01 4.427900016307830811e-01
3.266800045967102051e-01 4.127300083637237549e-01
4.894999861717224121e-01 3.368900120258331299e-01
4.812799990177154541e-01 3.459799885749816895e-01
5.951899886131286621e-01 4.357799887657165527e-01
5.903699994087219238e-01 4.262399971485137939e-01
5.842700004577636719e-01 3.940300047397613525e-01
5.809699892997741699e-01 3.973099887371063232e-01
5.807200074195861816e-01 3.952699899673461914e-01
5.334500074386596680e-01 4.162400066852569580e-01
5.324500203132629395e-01 3.932000100612640381e-01
5.213199853897094727e-01 4.187600016593933105e-01
5.196599960327148438e-01 4.112899899482727051e-01
5.155100226402282715e-01 4.097599983215332031e-01
5.155699849128723145e-01 4.090799987316131592e-01
5.145300030708312988e-01 4.071399867534637451e-01
3.387399911880493164e-01 4.127300083637237549e-01
3.359799981117248535e-01 4.127199947834014893e-01
3.349100053310394287e-01 4.127300083637237549e-01
3.369300067424774170e-01 4.127300083637237549e-01
3.394300043582916260e-01 4.127300083637237549e-01
3.423300087451934814e-01 4.127300083637237549e-01
4.935300052165985107e-01 3.644399940967559814e-01
4.048399925231933594e-01 4.158399999141693115e-01
4.057700037956237793e-01 4.168199896812438965e-01
4.063000082969665527e-01 4.169099926948547363e-01
4.097799956798553467e-01 4.180800020694732666e-01
4.122000038623809814e-01 4.157100021839141846e-01
4.443399906158447266e-01 4.209899902343750000e-01
4.473800063133239746e-01 4.173200130462646484e-01
4.910399913787841797e-01 3.621000051498413086e-01
4.914000034332275391e-01 3.576200008392333984e-01
4.981800019741058350e-01 4.184300005435943604e-01
5.118200182914733887e-01 3.601100146770477295e-01
5.086600184440612793e-01 3.583000004291534424e-01
5.067899823188781738e-01 3.604600131511688232e-01
4.999600052833557129e-01 3.580000102519989014e-01
4.533300101757049561e-01 3.386499881744384766e-01
4.491899907588958740e-01 3.427599966526031494e-01
4.466499984264373779e-01 3.444299995899200439e-01
4.439199864864349365e-01 3.484799861907958984e-01
4.942800104618072510e-01 3.725399971008300781e-01
4.921999871730804443e-01 3.751800060272216797e-01
4.904699921607971191e-01 3.727000057697296143e-01
5.342699885368347168e-01 4.003300070762634277e-01
5.384699702262878418e-01 3.432599902153015137e-01
5.399000048637390137e-01 3.363899886608123779e-01
5.397199988365173340e-01 3.407300114631652832e-01
4.413599967956542969e-01 4.457499980926513672e-01
4.437800049781799316e-01 4.194599986076354980e-01
4.498400092124938965e-01 4.232499897480010986e-01
4.497300088405609131e-01 4.239999949932098389e-01
4.503299891948699951e-01 4.243800044059753418e-01
4.440400004386901855e-01 4.198299944400787354e-01
4.658299982547760010e-01 4.198400080204010010e-01
5.279600024223327637e-01 4.393599927425384521e-01
5.757700204849243164e-01 4.509100019931793213e-01
6.046800017356872559e-01 4.696399867534637451e-01
6.210299730300903320e-01 4.488700032234191895e-01
6.241300106048583984e-01 4.435299932956695557e-01
6.225299835205078125e-01 4.479199945926666260e-01
6.185500025749206543e-01 4.394800066947937012e-01
6.254199743270874023e-01 4.557999968528747559e-01
6.033800244331359863e-01 4.222899973392486572e-01
5.688899755477905273e-01 3.669199943542480469e-01
6.043900251388549805e-01 4.553099870681762695e-01
6.723600029945373535e-01 4.338200092315673828e-01
6.718500256538391113e-01 4.319899976253509521e-01
6.720700263977050781e-01 4.314300119876861572e-01
6.732299923896789551e-01 4.316799938678741455e-01
6.730599999427795410e-01 4.316299855709075928e-01
4.983699917793273926e-01 3.044500052928924561e-01
4.663499891757965088e-01 2.546400129795074463e-01
4.505000114440917969e-01 2.788999974727630615e-01
4.500699937343597412e-01 2.843500077724456787e-01
4.454500079154968262e-01 2.885999977588653564e-01
5.916799902915954590e-01 2.523899972438812256e-01
5.825099945068359375e-01 2.407499998807907104e-01
5.835300087928771973e-01 2.391099929809570312e-01
4.679499864578247070e-01 2.683199942111968994e-01
4.677900075912475586e-01 2.687900066375732422e-01
4.673500061035156250e-01 2.676700055599212646e-01
5.474399924278259277e-01 4.259200096130371094e-01
5.468699932098388672e-01 4.242700040340423584e-01
5.470399856567382812e-01 4.264000058174133301e-01
5.473499894142150879e-01 4.252400100231170654e-01
5.487300157546997070e-01 4.243899881839752197e-01
5.486500263214111328e-01 4.242399930953979492e-01
4.248299896717071533e-01 2.302599996328353882e-01
4.247500002384185791e-01 2.274599969387054443e-01
4.245100021362304688e-01 2.300799936056137085e-01
4.245299994945526123e-01 2.314500063657760620e-01
4.260300099849700928e-01 2.521499991416931152e-01
4.288400113582611084e-01 2.490099966526031494e-01
4.303599894046783447e-01 2.395199984312057495e-01
4.295499920845031738e-01 2.375099956989288330e-01
4.264599978923797607e-01 2.342000007629394531e-01
4.692499935626983643e-01 2.456800043582916260e-01
4.715900123119354248e-01 2.407400012016296387e-01
4.577499926090240479e-01 2.583200037479400635e-01
4.229100048542022705e-01 2.457599937915802002e-01
3.905799984931945801e-01 1.794099956750869751e-01
4.014100134372711182e-01 1.981099992990493774e-01
4.189200103282928467e-01 2.334100008010864258e-01
4.167599976062774658e-01 2.241300046443939209e-01
4.188799858093261719e-01 2.267999947071075439e-01
4.211100041866302490e-01 2.298199981451034546e-01
4.221599996089935303e-01 2.307499945163726807e-01
4.213399887084960938e-01 2.343599945306777954e-01
4.214000105857849121e-01 2.344100028276443481e-01
5.451899766921997070e-01 4.365899860858917236e-01
5.440199971199035645e-01 4.399600028991699219e-01
5.215399861335754395e-01 4.889299869537353516e-01
5.036399960517883301e-01 5.264499783515930176e-01
5.069100260734558105e-01 5.015900135040283203e-01
5.055099725723266602e-01 5.048000216484069824e-01
5.008100271224975586e-01 5.083799958229064941e-01
4.993300139904022217e-01 5.099300146102905273e-01
5.153700113296508789e-01 4.408699870109558105e-01
5.166199803352355957e-01 4.313800036907196045e-01
4.750899970531463623e-01 4.729599952697753906e-01
4.725399911403656006e-01 4.727900028228759766e-01
4.766100049018859863e-01 4.702999889850616455e-01
4.764800071716308594e-01 4.669199883937835693e-01
4.793399870395660400e-01 4.602699875831604004e-01
4.764400124549865723e-01 4.574899971485137939e-01
4.858199954032897949e-01 4.650999903678894043e-01
5.099800229072570801e-01 4.962800145149230957e-01
5.093500018119812012e-01 5.072699785232543945e-01
5.094199776649475098e-01 5.134699940681457520e-01
5.058699846267700195e-01 5.158500075340270996e-01
5.067200064659118652e-01 5.187600255012512207e-01
5.055900216102600098e-01 6.059799790382385254e-01
5.081800222396850586e-01 6.061000227928161621e-01
5.080699920654296875e-01 6.061999797821044922e-01
5.088899731636047363e-01 6.060900092124938965e-01
5.090900063514709473e-01 6.072199940681457520e-01
5.092200040817260742e-01 6.048799753189086914e-01
5.094100236892700195e-01 6.066700220108032227e-01
5.097200274467468262e-01 6.081799864768981934e-01
5.110800266265869141e-01 6.098999977111816406e-01
5.308399796485900879e-01 6.160799860954284668e-01
5.457699894905090332e-01 6.315799951553344727e-01
5.368999838829040527e-01 6.317300200462341309e-01
5.349199771881103516e-01 6.312199831008911133e-01
5.346199870109558105e-01 6.311900019645690918e-01
5.341600179672241211e-01 6.324899792671203613e-01
5.332099795341491699e-01 6.332799792289733887e-01
5.330399870872497559e-01 6.316800117492675781e-01
5.316600203514099121e-01 6.313899755477905273e-01
5.287399888038635254e-01 6.315799951553344727e-01
5.568000078201293945e-01 5.987300276756286621e-01
5.579000115394592285e-01 5.996500253677368164e-01
5.544700026512145996e-01 6.008899807929992676e-01
4.989899992942810059e-01 3.314099907875061035e-01
4.944399893283843994e-01 3.366400003433227539e-01
5.085899829864501953e-01 3.270899951457977295e-01
5.609800219535827637e-01 2.905899882316589355e-01
5.517899990081787109e-01 3.154500126838684082e-01
5.465599894523620605e-01 3.207199871540069580e-01
5.436000227928161621e-01 3.222799897193908691e-01
5.375599861145019531e-01 4.109899997711181641e-01
5.375499725341796875e-01 4.108299911022186279e-01
5.391200184822082520e-01 4.083600044250488281e-01
5.163599848747253418e-01 3.945899903774261475e-01
5.180100202560424805e-01 3.805499970912933350e-01
5.465700030326843262e-01 4.089300036430358887e-01
5.391899943351745605e-01 4.129599928855895996e-01
5.278699994087219238e-01 3.656100034713745117e-01
5.307199954986572266e-01 3.554100096225738525e-01
5.262299776077270508e-01 3.570699989795684814e-01
5.146499872207641602e-01 3.690600097179412842e-01
5.134400129318237305e-01 3.693799972534179688e-01
5.205799937248229980e-01 3.538500070571899414e-01
5.100100040435791016e-01 3.719100058078765869e-01
6.091799736022949219e-01 3.158000111579895020e-01
4.790199995040893555e-01 3.840999901294708252e-01
4.546200037002563477e-01 3.722600042819976807e-01
3.779599964618682861e-01 3.874300122261047363e-01
3.698300123214721680e-01 4.063499867916107178e-01
3.803899884223937988e-01 4.170500040054321289e-01
3.879100084304809570e-01 4.172799885272979736e-01
3.869700133800506592e-01 4.131999909877777100e-01
5.311700105667114258e-01 4.418799877166748047e-01
5.306400060653686523e-01 4.400300085544586182e-01
5.292000174522399902e-01 4.393700063228607178e-01
5.107799768447875977e-01 3.849399983882904053e-01
4.807099997997283936e-01 4.080899953842163086e-01
4.826700091361999512e-01 4.102700054645538330e-01
4.822599887847900391e-01 4.092899858951568604e-01
4.824700057506561279e-01 4.092699885368347168e-01
4.811800122261047363e-01 4.076400101184844971e-01
5.229700207710266113e-01 3.937999904155731201e-01
5.259900093078613281e-01 3.949599862098693848e-01
5.472499728202819824e-01 4.145199954509735107e-01
5.446400046348571777e-01 4.181599915027618408e-01
5.459899902343750000e-01 4.182600080966949463e-01
4.431700110435485840e-01 3.645600080490112305e-01
3.962300121784210205e-01 4.606800079345703125e-01
5.979899764060974121e-01 1.147899985313415527e+00
3.213300108909606934e-01 4.718500077724456787e-01
3.264499902725219727e-01 4.757899940013885498e-01
3.268199861049652100e-01 4.708600044250488281e-01
3.203400075435638428e-01 4.691199958324432373e-01
3.190700113773345947e-01 4.722900092601776123e-01
6.045299768447875977e-01 1.125100016593933105e+00
6.141300201416015625e-01 1.109300017356872559e+00
6.313599944114685059e-01 1.108000040054321289e+00
6.260100007057189941e-01 1.129999995231628418e+00
6.246100068092346191e-01 1.127200007438659668e+00
3.233099877834320068e-01 4.696800112724304199e-01
5.235999822616577148e-01 7.129899859428405762e-01
5.270100235939025879e-01 7.066100239753723145e-01
4.036200046539306641e-01 7.416899800300598145e-01
3.516300022602081299e-01 7.783399820327758789e-01
2.996099889278411865e-01 7.342100143432617188e-01
2.921299934387207031e-01 7.140700221061706543e-01
2.968200147151947021e-01 7.262600064277648926e-01
3.633199930191040039e-01 7.223600149154663086e-01
3.553200066089630127e-01 7.199599742889404297e-01
1.644899994134902954e-01 1.060199975967407227e+00
1.592600047588348389e-01 1.040500044822692871e+00
1.588200032711029053e-01 1.031900048255920410e+00
1.671400070190429688e-01 1.045600056648254395e+00
1.821700036525726318e-01 1.077000021934509277e+00
1.980700045824050903e-01 1.111700057983398438e+00
2.090699970722198486e-01 1.135400056838989258e+00
1.616300046443939209e-01 1.076799988746643066e+00
1.626400053501129150e-01 1.077399969100952148e+00
1.636900007724761963e-01 1.077100038528442383e+00
1.642500013113021851e-01 1.076699972152709961e+00
1.641100049018859863e-01 1.076599955558776855e+00
1.634999960660934448e-01 1.076699972152709961e+00
1.636700034141540527e-01 1.077499985694885254e+00
1.646299958229064941e-01 1.077900052070617676e+00
1.483699977397918701e-01 1.056200027465820312e+00
1.499200016260147095e-01 1.050400018692016602e+00
1.520400047302246094e-01 1.046300053596496582e+00
1.553699970245361328e-01 1.047600030899047852e+00
1.599099934101104736e-01 1.055199980735778809e+00
1.647900044918060303e-01 1.066100001335144043e+00
1.690900027751922607e-01 1.077000021934509277e+00
4.786100089550018311e-01 7.711300253868103027e-01
4.787299931049346924e-01 7.793800234794616699e-01
4.789800047874450684e-01 7.846500277519226074e-01
4.794400036334991455e-01 7.911700010299682617e-01
4.803400039672851562e-01 7.925599813461303711e-01
4.814899861812591553e-01 7.962499856948852539e-01
4.886899888515472412e-01 7.942199707031250000e-01
4.864200055599212646e-01 7.981899976730346680e-01
4.847100079059600830e-01 7.992900013923645020e-01
4.833799898624420166e-01 7.999699711799621582e-01
4.824199974536895752e-01 7.972699999809265137e-01
4.827800095081329346e-01 7.991799712181091309e-01
4.892199933528900146e-01 7.896299958229064941e-01
4.999200105667114258e-01 7.781900167465209961e-01
4.995400011539459229e-01 7.762200236320495605e-01
5.137500166893005371e-01 7.751899957656860352e-01
5.151000022888183594e-01 7.736899852752685547e-01
5.163999795913696289e-01 7.725999951362609863e-01
5.182300209999084473e-01 7.708200216293334961e-01
4.767400026321411133e-01 7.608100175857543945e-01
4.780499935150146484e-01 7.636799812316894531e-01
4.783599972724914551e-01 7.639600038528442383e-01
9.560900181531906128e-02 7.383400201797485352e-01
9.533599764108657837e-02 7.380700111389160156e-01
1.304499953985214233e-01 6.235299706459045410e-01
1.268000006675720215e-01 6.206399798393249512e-01
1.240599974989891052e-01 6.233400106430053711e-01
9.425800293684005737e-02 7.316499948501586914e-01
9.457200020551681519e-02 7.361299991607666016e-01
6.451799720525741577e-02 6.940699815750122070e-01
6.429000198841094971e-02 6.891099810600280762e-01
9.053300321102142334e-02 7.136099934577941895e-01
9.018799662590026855e-02 7.179200053215026855e-01
8.927100151777267456e-02 7.100200057029724121e-01
8.977899700403213501e-02 7.045099735260009766e-01
8.865399658679962158e-02 7.106699943542480469e-01
8.986400067806243896e-02 7.128099799156188965e-01
9.021499752998352051e-02 7.100600004196166992e-01
8.924999833106994629e-02 7.095100283622741699e-01
9.218899905681610107e-02 7.202600240707397461e-01
9.248500317335128784e-02 7.158200144767761230e-01
9.464599937200546265e-02 7.212600111961364746e-01
9.455599635839462280e-02 7.229999899864196777e-01
9.500700235366821289e-02 7.225900292396545410e-01
6.006600260734558105e-01 6.485099792480468750e-01
5.803499817848205566e-01 6.495100259780883789e-01
3.596299886703491211e-01 5.912500023841857910e-01
3.647600114345550537e-01 5.945799946784973145e-01
5.115600228309631348e-01 3.828699886798858643e-01
5.151900053024291992e-01 3.728600144386291504e-01
4.735099971294403076e-01 3.567900061607360840e-01
4.723500013351440430e-01 3.561300039291381836e-01
4.648900032043457031e-01 3.453400135040283203e-01
4.704299867153167725e-01 3.580900132656097412e-01
4.711700081825256348e-01 3.591499924659729004e-01
4.239600002765655518e-01 4.208999872207641602e-01
4.232999980449676514e-01 4.223900139331817627e-01
4.223200082778930664e-01 4.216800034046173096e-01
4.273500144481658936e-01 4.290300011634826660e-01
4.248099923133850098e-01 4.184199869632720947e-01
5.199499726295471191e-01 3.527599871158599854e-01
4.260500073432922363e-01 5.743600130081176758e-01
4.245299994945526123e-01 5.715299844741821289e-01
4.271599948406219482e-01 5.729600191116333008e-01
4.240199923515319824e-01 5.585299730300903320e-01
4.216899871826171875e-01 5.532100200653076172e-01
5.022299885749816895e-01 4.124200046062469482e-01
4.999800026416778564e-01 4.151200056076049805e-01
5.039299726486206055e-01 4.002499878406524658e-01
5.713199973106384277e-01 4.177500009536743164e-01
5.556899905204772949e-01 4.036099910736083984e-01
5.417600274085998535e-01 4.035399854183197021e-01
5.060399770736694336e-01 3.541899919509887695e-01
5.176200270652770996e-01 3.937200009822845459e-01
5.108699798583984375e-01 3.784700036048889160e-01
5.072199702262878418e-01 3.733200132846832275e-01
5.035200119018554688e-01 3.706200122833251953e-01
3.821899890899658203e-01 3.918099999427795410e-01
3.507199883460998535e-01 3.885399997234344482e-01
3.542000055313110352e-01 3.894200026988983154e-01
3.553600013256072998e-01 3.964099884033203125e-01
3.589999973773956299e-01 4.045499861240386963e-01
3.621900081634521484e-01 4.179599881172180176e-01
3.796600103378295898e-01 3.772499859333038330e-01
3.998399972915649414e-01 3.727799952030181885e-01
3.776299953460693359e-01 4.166100025177001953e-01
3.812899887561798096e-01 4.228000044822692871e-01
4.264599978923797607e-01 4.364599883556365967e-01
2.884199917316436768e-01 3.290599882602691650e-01
2.924099862575531006e-01 3.319599926471710205e-01
2.960900068283081055e-01 3.388899862766265869e-01
3.005299866199493408e-01 3.422200083732604980e-01
4.071699976921081543e-01 4.141100049018859863e-01
4.366999864578247070e-01 4.268400073051452637e-01
4.399900138378143311e-01 4.172100126743316650e-01
4.423500001430511475e-01 3.866199851036071777e-01
4.392000138759613037e-01 3.811100125312805176e-01
3.786099851131439209e-01 2.861599922180175781e-01
3.792699873447418213e-01 2.911199927330017090e-01
3.813099861145019531e-01 2.981500029563903809e-01
3.826699852943420410e-01 3.077200055122375488e-01
3.874300122261047363e-01 3.172200024127960205e-01
3.946300148963928223e-01 3.310599923133850098e-01
3.959000110626220703e-01 3.428800106048583984e-01
3.965199887752532959e-01 3.504799902439117432e-01
4.002499878406524658e-01 3.578999936580657959e-01
4.044699966907501221e-01 3.610399961471557617e-01
4.560100138187408447e-01 4.687399864196777344e-01
4.565500020980834961e-01 4.621199965476989746e-01
4.530700147151947021e-01 4.531199932098388672e-01
6.957499980926513672e-01 5.448200106620788574e-01
6.977900266647338867e-01 5.642300248146057129e-01
6.589699983596801758e-01 5.229600071907043457e-01
3.878099918365478516e-01 7.519199848175048828e-01
3.855899870395660400e-01 7.485299706459045410e-01
3.833000063896179199e-01 7.598699927330017090e-01
3.801099956035614014e-01 7.940499782562255859e-01
3.722999989986419678e-01 7.222200036048889160e-01
3.399499952793121338e-01 7.295799851417541504e-01
4.226000010967254639e-01 8.457900285720825195e-01
6.470199823379516602e-01 9.585199952125549316e-01
6.428300142288208008e-01 9.453200101852416992e-01
6.322399973869323730e-01 9.532300233840942383e-01
8.201599717140197754e-01 9.105200171470642090e-01
8.011199831962585449e-01 9.032400250434875488e-01
8.007699847221374512e-01 9.050999879837036133e-01
8.006600141525268555e-01 9.048699736595153809e-01
8.005200028419494629e-01 9.010699987411499023e-01
8.004000186920166016e-01 9.077900052070617676e-01
8.006600141525268555e-01 9.148100018501281738e-01
8.006799817085266113e-01 9.125800132751464844e-01
7.996199727058410645e-01 9.152100086212158203e-01
4.967600107192993164e-01 4.526500105857849121e-01
4.968099892139434814e-01 4.532899856567382812e-01
5.207499861717224121e-01 3.557899892330169678e-01
5.147799849510192871e-01 4.126099944114685059e-01
5.080800056457519531e-01 3.877899944782257080e-01
4.987800121307373047e-01 4.069199860095977783e-01
4.809699952602386475e-01 3.801499903202056885e-01
5.004400014877319336e-01 4.093700051307678223e-01
5.073400139808654785e-01 3.716700077056884766e-01
5.092300176620483398e-01 3.877300024032592773e-01
5.125499963760375977e-01 3.887299895286560059e-01
5.050600171089172363e-01 3.858200013637542725e-01
4.829800128936767578e-01 3.795399963855743408e-01
4.827100038528442383e-01 3.797500133514404297e-01
4.832000136375427246e-01 3.799000084400177002e-01
4.713900089263916016e-01 3.791300058364868164e-01
4.725300073623657227e-01 3.742800056934356689e-01
4.707599878311157227e-01 4.194000065326690674e-01
4.630100131034851074e-01 3.744499981403350830e-01
5.100299715995788574e-01 3.542500138282775879e-01
4.921900033950805664e-01 4.598399996757507324e-01
4.972200095653533936e-01 4.478200078010559082e-01
6.472100019454956055e-01 4.049000144004821777e-01
6.401399970054626465e-01 4.343999922275543213e-01
6.456000208854675293e-01 4.037699997425079346e-01
6.472499966621398926e-01 4.105199873447418213e-01
6.409500241279602051e-01 4.362500011920928955e-01
6.475099921226501465e-01 4.041000008583068848e-01
6.574299931526184082e-01 4.577299952507019043e-01
6.668000221252441406e-01 4.310199916362762451e-01
6.603199839591979980e-01 4.348599910736083984e-01
5.777099728584289551e-01 4.511199891567230225e-01
4.415799975395202637e-01 4.295000135898590088e-01
4.380800127983093262e-01 4.378199875354766846e-01
4.375799894332885742e-01 4.435800015926361084e-01
4.388499855995178223e-01 4.443700015544891357e-01
4.381099939346313477e-01 4.526099860668182373e-01
4.348199963569641113e-01 4.931299984455108643e-01
4.340099990367889404e-01 4.904200136661529541e-01
4.352599978446960449e-01 4.879899919033050537e-01
4.336000084877014160e-01 4.883199930191040039e-01
4.342600107192993164e-01 4.875400066375732422e-01
4.333299994468688965e-01 4.851700067520141602e-01
4.338000118732452393e-01 4.859499931335449219e-01
4.462999999523162842e-01 4.877400100231170654e-01
4.562900066375732422e-01 4.973100125789642334e-01
4.566699862480163574e-01 4.856599867343902588e-01
3.905400037765502930e-01 4.538399875164031982e-01
3.925899863243103027e-01 4.557299911975860596e-01
4.624199867248535156e-01 5.233799815177917480e-01
4.561499953269958496e-01 4.872500002384185791e-01
6.188399791717529297e-01 2.896899878978729248e-01
6.051700115203857422e-01 2.890000045299530029e-01
6.083199977874755859e-01 2.891300022602081299e-01
6.092399954795837402e-01 2.891399860382080078e-01
6.087800264358520508e-01 2.892299890518188477e-01
6.090899705886840820e-01 2.890399992465972900e-01
6.089500188827514648e-01 2.888000011444091797e-01
6.138899922370910645e-01 2.908599972724914551e-01
6.427400112152099609e-01 2.857199907302856445e-01
4.262599945068359375e-01 3.395799994468688965e-01
4.206199944019317627e-01 3.319199979305267334e-01
4.173699915409088135e-01 3.192200064659118652e-01
4.187099933624267578e-01 3.162100017070770264e-01
4.187699854373931885e-01 3.162899911403656006e-01
4.254600107669830322e-01 3.142099976539611816e-01
5.008199810981750488e-01 7.669399976730346680e-01
4.882499873638153076e-01 5.500299930572509766e-01
4.886699914932250977e-01 5.505200028419494629e-01
4.885599911212921143e-01 5.537899732589721680e-01
4.885799884796142578e-01 5.535799860954284668e-01
4.708400070667266846e-01 5.388699769973754883e-01
4.899800121784210205e-01 6.597300171852111816e-01
4.887099862098693848e-01 6.607000231742858887e-01
4.921900033950805664e-01 6.586700081825256348e-01
5.276200175285339355e-01 7.316100001335144043e-01
5.159699916839599609e-01 7.517700195312500000e-01
5.147100090980529785e-01 7.433000206947326660e-01
5.137100219726562500e-01 7.416700124740600586e-01
5.126000046730041504e-01 7.393699884414672852e-01
5.136500000953674316e-01 7.368299961090087891e-01
5.138900279998779297e-01 7.325599789619445801e-01
5.144400000572204590e-01 7.292000055313110352e-01
4.902499914169311523e-01 6.240900158882141113e-01
5.302299857139587402e-01 6.849099993705749512e-01
5.293999910354614258e-01 6.830999851226806641e-01
5.369499921798706055e-01 7.301800251007080078e-01
4.989399909973144531e-01 5.925999879837036133e-01
5.320000052452087402e-01 4.439100027084350586e-01
5.665000081062316895e-01 4.078800082206726074e-01
5.688899755477905273e-01 3.669199943542480469e-01
6.219400167465209961e-01 4.605199992656707764e-01
6.061499714851379395e-01 4.717200100421905518e-01
5.139399766921997070e-01 4.135499894618988037e-01
4.771899878978729248e-01 3.814899921417236328e-01
4.873900115489959717e-01 3.924599885940551758e-01
4.880599975585937500e-01 3.894000053405761719e-01
5.882200002670288086e-01 4.335600137710571289e-01
5.759699940681457520e-01 4.167700111865997314e-01
5.444700121879577637e-01 4.101499915122985840e-01
5.235400199890136719e-01 4.274500012397766113e-01
5.256199836730957031e-01 4.304499924182891846e-01
5.282999873161315918e-01 4.303700029850006104e-01
5.282099843025207520e-01 4.250000119209289551e-01
5.507500171661376953e-01 3.917199969291687012e-01
5.441799759864807129e-01 3.904100060462951660e-01
5.423700213432312012e-01 3.892500102519989014e-01
5.426499843597412109e-01 3.917399942874908447e-01
5.429599881172180176e-01 3.924199938774108887e-01
5.426099896430969238e-01 3.931300044059753418e-01
5.182300209999084473e-01 3.318200111389160156e-01
5.301600098609924316e-01 3.209500014781951904e-01
5.268300175666809082e-01 3.238100111484527588e-01
5.249699950218200684e-01 3.351199924945831299e-01
5.407500267028808594e-01 3.134399950504302979e-01
5.715699791908264160e-01 2.853100001811981201e-01
4.873400032520294189e-01 3.434599936008453369e-01
4.999200105667114258e-01 3.305700123310089111e-01
5.283499956130981445e-01 3.465299904346466064e-01
5.322300195693969727e-01 3.475500047206878662e-01
4.872699975967407227e-01 3.303399980068206787e-01
5.133500099182128906e-01 3.343000113964080811e-01
5.326200127601623535e-01 3.415400087833404541e-01
5.341899991035461426e-01 3.416799902915954590e-01
5.469300150871276855e-01 3.408800065517425537e-01
4.663400053977966309e-01 3.254700005054473877e-01
4.699600040912628174e-01 3.064700067043304443e-01
4.750300049781799316e-01 2.819499969482421875e-01
4.928100109100341797e-01 3.302200138568878174e-01
4.977000057697296143e-01 3.290599882602691650e-01
4.730400145053863525e-01 3.215000033378601074e-01
5.083100199699401855e-01 3.291099965572357178e-01
5.203999876976013184e-01 2.621099948883056641e-01
5.302100181579589844e-01 3.088800013065338135e-01
5.331500172615051270e-01 3.222799897193908691e-01
5.344300270080566406e-01 3.185600042343139648e-01
5.360299944877624512e-01 3.148199915885925293e-01
5.359299778938293457e-01 3.159399926662445068e-01
5.353999733924865723e-01 3.164100050926208496e-01
5.367799997329711914e-01 3.147200047969818115e-01
5.629000067710876465e-01 3.051399886608123779e-01
5.623900294303894043e-01 3.046999871730804443e-01
5.601800084114074707e-01 3.069199919700622559e-01
5.609400272369384766e-01 3.058399856090545654e-01
5.806199908256530762e-01 3.113699853420257568e-01
4.790799915790557861e-01 2.802200019359588623e-01
5.160800218582153320e-01 2.639900147914886475e-01
5.139300227165222168e-01 2.653299868106842041e-01
5.143100023269653320e-01 2.671599984169006348e-01
4.349699914455413818e-01 3.118700087070465088e-01
4.345299899578094482e-01 3.134500086307525635e-01
4.774599969387054443e-01 3.231900036334991455e-01
4.750399887561798096e-01 3.194499909877777100e-01
4.751000106334686279e-01 3.202899992465972900e-01
6.205000281333923340e-01 3.301399946212768555e-01
6.190599799156188965e-01 3.358399868011474609e-01
5.720999836921691895e-01 3.203899860382080078e-01
5.560200214385986328e-01 3.092699944972991943e-01
5.588899850845336914e-01 3.103500008583068848e-01
5.585299730300903320e-01 3.150599896907806396e-01
5.570300221443176270e-01 3.131999969482421875e-01
5.899699926376342773e-01 3.262099921703338623e-01
5.876100063323974609e-01 3.282499909400939941e-01
5.863999724388122559e-01 3.273800015449523926e-01
5.853700041770935059e-01 3.280700147151947021e-01
5.833600163459777832e-01 3.294200003147125244e-01
5.808100104331970215e-01 3.280200064182281494e-01
5.794799923896789551e-01 3.311899900436401367e-01
5.773599743843078613e-01 3.305599987506866455e-01
5.764600038528442383e-01 3.320600092411041260e-01
5.756899714469909668e-01 3.337199985980987549e-01
5.741400122642517090e-01 3.346900045871734619e-01
5.026000142097473145e-01 2.859300076961517334e-01
5.580599904060363770e-01 3.374600112438201904e-01
5.228499770164489746e-01 2.754600048065185547e-01
4.872399866580963135e-01 2.097699940204620361e-01
5.120900273323059082e-01 4.695999920368194580e-01
5.120300054550170898e-01 4.693999886512756348e-01
5.101699829101562500e-01 4.687500000000000000e-01
5.084099769592285156e-01 4.711099863052368164e-01
5.727300047874450684e-01 3.545300066471099854e-01
5.666999816894531250e-01 3.738499879837036133e-01
5.198799967765808105e-01 4.364399909973144531e-01
4.648900032043457031e-01 3.966499865055084229e-01
4.735800027847290039e-01 4.058899879455566406e-01
4.740799963474273682e-01 4.045700132846832275e-01
4.766499996185302734e-01 4.105699956417083740e-01
4.444400072097778320e-01 5.021899938583374023e-01
5.277400016784667969e-01 3.931399881839752197e-01
5.294899940490722656e-01 3.967599868774414062e-01
5.322800278663635254e-01 3.919099867343902588e-01
4.169400036334991455e-01 3.651399910449981689e-01
4.180499911308288574e-01 3.857899904251098633e-01
4.230900108814239502e-01 3.517400026321411133e-01
4.676299989223480225e-01 3.027400076389312744e-01
5.335699915885925293e-01 3.540000021457672119e-01
5.251399874687194824e-01 3.534300029277801514e-01
5.273799896240234375e-01 3.588100075721740723e-01
5.167300105094909668e-01 5.181499719619750977e-01
5.182300209999084473e-01 5.290200114250183105e-01
5.161499977111816406e-01 5.555400252342224121e-01
5.121999979019165039e-01 5.820699930191040039e-01
5.097000002861022949e-01 5.650900006294250488e-01
5.088899731636047363e-01 5.639100074768066406e-01
5.097000002861022949e-01 5.587999820709228516e-01
4.937399923801422119e-01 5.284199714660644531e-01
4.933499991893768311e-01 5.229899883270263672e-01
3.282800018787384033e-01 2.414599955081939697e-01
3.291600048542022705e-01 2.461200058460235596e-01
3.294799923896789551e-01 2.470400035381317139e-01
3.287099897861480713e-01 2.461799979209899902e-01
3.291999995708465576e-01 2.469300031661987305e-01
3.304899930953979492e-01 2.488999962806701660e-01
3.679200112819671631e-01 3.436399996280670166e-01
3.739799857139587402e-01 3.553000092506408691e-01
3.795700073242187500e-01 3.568400144577026367e-01
3.775500059127807617e-01 3.534399867057800293e-01
5.637800097465515137e-01 4.350599944591522217e-01
5.627700090408325195e-01 4.380500018596649170e-01
5.611000061035156250e-01 4.376299977302551270e-01
4.949899911880493164e-01 4.355199933052062988e-01
4.927400052547454834e-01 4.370200037956237793e-01
4.902800023555755615e-01 4.356099963188171387e-01
4.629299938678741455e-01 4.389500021934509277e-01
4.646399915218353271e-01 4.659700095653533936e-01
4.674800038337707520e-01 4.700799882411956787e-01
4.788999855518341064e-01 4.031499922275543213e-01
4.678899943828582764e-01 4.038000106811523438e-01
4.707100093364715576e-01 4.025799930095672607e-01
4.747599959373474121e-01 4.131999909877777100e-01
4.757699966430664062e-01 4.381000101566314697e-01
4.786100089550018311e-01 4.386799931526184082e-01
4.784800112247467041e-01 4.367600083351135254e-01
4.793300032615661621e-01 4.338000118732452393e-01
4.658299982547760010e-01 4.184100031852722168e-01
4.522199928760528564e-01 4.085800051689147949e-01
4.638099968433380127e-01 4.163199961185455322e-01
4.395299851894378662e-01 4.296199977397918701e-01
4.406200051307678223e-01 4.272300004959106445e-01
4.414899945259094238e-01 4.355700016021728516e-01
4.656800031661987305e-01 3.613499999046325684e-01
5.201799869537353516e-01 3.612399995326995850e-01
6.548600196838378906e-01 6.644899845123291016e-01
6.551799774169921875e-01 6.655300259590148926e-01
6.553099751472473145e-01 6.657599806785583496e-01
6.549400091171264648e-01 6.654099822044372559e-01
6.550199985504150391e-01 6.665999889373779297e-01
6.548600196838378906e-01 6.652200222015380859e-01
6.545400023460388184e-01 6.647499799728393555e-01
6.823099851608276367e-01 6.720399856567382812e-01
5.805100202560424805e-01 6.501299738883972168e-01
5.080800056457519531e-01 6.393499970436096191e-01
5.063300132751464844e-01 6.424199938774108887e-01
3.241100013256072998e-01 5.898299813270568848e-01
3.219200074672698975e-01 5.829799771308898926e-01
3.271900117397308350e-01 5.856500267982482910e-01
4.536199867725372314e-01 6.210200190544128418e-01
4.775600135326385498e-01 6.343100070953369141e-01
4.739499986171722412e-01 6.349400281906127930e-01
4.753499925136566162e-01 6.346200108528137207e-01
5.457199811935424805e-01 6.548100113868713379e-01
5.455600023269653320e-01 6.557599902153015137e-01
5.453000068664550781e-01 6.552699804306030273e-01
5.461599826812744141e-01 6.530500054359436035e-01
4.984300136566162109e-01 2.610400021076202393e-01
4.887399971485137939e-01 3.848100006580352783e-01
4.885199964046478271e-01 3.844000101089477539e-01
4.939000010490417480e-01 3.693999946117401123e-01
4.934099912643432617e-01 3.658899962902069092e-01
4.921100139617919922e-01 3.682299852371215820e-01
4.891999959945678711e-01 3.842599987983703613e-01
4.883100092411041260e-01 3.867999911308288574e-01
4.873499870300292969e-01 3.876900076866149902e-01
4.863399863243103027e-01 3.799900114536285400e-01
4.944700002670288086e-01 3.728100061416625977e-01
4.933699965476989746e-01 3.716000020503997803e-01
4.921500086784362793e-01 3.694800138473510742e-01
4.922899901866912842e-01 3.706699907779693604e-01
4.922600090503692627e-01 3.773500025272369385e-01
5.088999867439270020e-01 3.117100000381469727e-01
5.040199756622314453e-01 3.197000026702880859e-01
4.811300039291381836e-01 3.257400095462799072e-01
4.699600040912628174e-01 3.254800140857696533e-01
4.637399911880493164e-01 3.211700022220611572e-01
4.694400131702423096e-01 3.226099908351898193e-01
4.725799858570098877e-01 3.238399922847747803e-01
4.923900067806243896e-01 2.534199953079223633e-01
5.035700201988220215e-01 5.785199999809265137e-01
5.041000247001647949e-01 5.763099789619445801e-01
5.045099854469299316e-01 5.523499846458435059e-01
5.054900050163269043e-01 5.444499850273132324e-01
5.047100186347961426e-01 5.339999794960021973e-01
5.076199769973754883e-01 5.254899859428405762e-01
4.982399940490722656e-01 5.126699805259704590e-01
5.054600238800048828e-01 5.040799975395202637e-01
5.085899829864501953e-01 5.013099908828735352e-01
5.124400258064270020e-01 5.037699937820434570e-01
5.127900242805480957e-01 5.110800266265869141e-01
5.176600217819213867e-01 5.197299718856811523e-01
5.393400192260742188e-01 5.011299848556518555e-01
5.410299897193908691e-01 5.086200237274169922e-01
5.390599966049194336e-01 5.169000029563903809e-01
5.406900048255920410e-01 5.236999988555908203e-01
4.371399879455566406e-01 5.025200247764587402e-01
4.316299855709075928e-01 5.055500268936157227e-01
6.007800102233886719e-01 3.845399916172027588e-01
5.950300097465515137e-01 4.470899999141693115e-01
6.104900240898132324e-01 3.669700026512145996e-01
5.403500199317932129e-01 5.955799818038940430e-01
5.407299995422363281e-01 5.951700210571289062e-01
5.689700245857238770e-01 5.842000246047973633e-01
5.691999793052673340e-01 5.834800004959106445e-01
5.670099854469299316e-01 5.830199718475341797e-01
4.586499929428100586e-01 5.699599981307983398e-01
5.082299709320068359e-01 5.834000110626220703e-01
5.058000087738037109e-01 5.846300125122070312e-01
5.019999742507934570e-01 5.849300026893615723e-01
4.982199966907501221e-01 5.846300125122070312e-01
5.008699893951416016e-01 5.858100056648254395e-01
4.993799924850463867e-01 5.851699709892272949e-01
4.989300072193145752e-01 5.862699747085571289e-01
4.986599981784820557e-01 5.917099714279174805e-01
4.726099967956542969e-01 5.988000035285949707e-01
4.893099963665008545e-01 5.953999757766723633e-01
5.054100155830383301e-01 5.991200208663940430e-01
5.019999742507934570e-01 6.026899814605712891e-01
5.019199848175048828e-01 6.010100245475769043e-01
5.020499825477600098e-01 6.025400161743164062e-01
5.024999976158142090e-01 6.009100079536437988e-01
5.022400021553039551e-01 6.028500199317932129e-01
3.828299939632415771e-01 3.314799964427947998e-01
7.073900103569030762e-01 4.023500084877014160e-01
6.902099847793579102e-01 4.141899943351745605e-01
6.234899759292602539e-01 2.977400124073028564e-01
7.493399977684020996e-01 3.248400092124938965e-01
4.808399975299835205e-01 3.254199922084808350e-01
5.165100097656250000e-01 3.308799862861633301e-01
4.690900146961212158e-01 3.351599872112274170e-01
4.648700058460235596e-01 3.351599872112274170e-01
4.614799916744232178e-01 3.351599872112274170e-01
3.244999945163726807e-01 3.351500034332275391e-01
3.133200109004974365e-01 3.314900100231170654e-01
4.835999906063079834e-01 3.506200015544891357e-01
7.165300250053405762e-01 3.736700117588043213e-01
6.373100280761718750e-01 3.654499948024749756e-01
6.526200175285339355e-01 3.701199889183044434e-01
6.621400117874145508e-01 3.727099895477294922e-01
6.400700211524963379e-01 3.808200061321258545e-01
6.392199993133544922e-01 3.820799887180328369e-01
6.373199820518493652e-01 3.831099867820739746e-01
6.699799895286560059e-01 3.881399929523468018e-01
6.981899738311767578e-01 4.269599914550781250e-01
5.264400243759155273e-01 6.245200037956237793e-01
4.673900008201599121e-01 6.237699985504150391e-01
4.697200059890747070e-01 6.350799798965454102e-01
4.641999900341033936e-01 6.254000067710876465e-01
4.799000024795532227e-01 6.167200207710266113e-01
5.321300029754638672e-01 6.272799968719482422e-01
5.436900258064270020e-01 6.281999945640563965e-01
5.396800041198730469e-01 6.194800138473510742e-01
5.417699813842773438e-01 6.184800267219543457e-01
5.431600213050842285e-01 6.342200040817260742e-01
5.463899970054626465e-01 6.344500184059143066e-01
4.901899993419647217e-01 6.823300123214721680e-01
4.908500015735626221e-01 6.854799985885620117e-01
4.924800097942352295e-01 6.854699850082397461e-01
4.925599992275238037e-01 6.791999936103820801e-01
4.914399981498718262e-01 6.712200045585632324e-01
4.911499917507171631e-01 6.679400205612182617e-01
5.204700231552124023e-01 6.570699810981750488e-01
5.225200057029724121e-01 6.574199795722961426e-01
5.213800072669982910e-01 6.584299802780151367e-01
5.211300253868103027e-01 6.607300043106079102e-01
5.217800140380859375e-01 6.620500087738037109e-01
4.879699945449829102e-01 4.077000021934509277e-01
5.100799798965454102e-01 4.053499996662139893e-01
5.419200062751770020e-01 4.163599908351898193e-01
5.397700071334838867e-01 4.158900082111358643e-01
5.385000109672546387e-01 4.131200015544891357e-01
5.429000258445739746e-01 4.046100080013275146e-01
6.113600134849548340e-01 5.073999762535095215e-01
6.100199818611145020e-01 5.131899714469909668e-01
5.661399960517883301e-01 5.227199792861938477e-01
5.627200007438659668e-01 5.250800251960754395e-01
5.616199970245361328e-01 5.271700024604797363e-01
5.598199963569641113e-01 5.298799872398376465e-01
5.625299811363220215e-01 5.299599766731262207e-01
5.269799828529357910e-01 5.205000042915344238e-01
5.264099836349487305e-01 5.202900171279907227e-01
5.259199738502502441e-01 5.228800177574157715e-01
5.254300236701965332e-01 5.235000252723693848e-01
5.167499780654907227e-01 5.189599990844726562e-01
5.024300217628479004e-01 5.249500274658203125e-01
4.978800117969512939e-01 5.288400053977966309e-01
5.037199854850769043e-01 5.321000218391418457e-01
4.944899976253509521e-01 5.368400216102600098e-01
2.496999949216842651e-01 6.373400092124938965e-01
2.490199953317642212e-01 6.372699737548828125e-01
2.491299957036972046e-01 6.360300183296203613e-01
2.495999932289123535e-01 6.364099979400634766e-01
2.251199930906295776e-01 5.433700084686279297e-01
2.891600131988525391e-01 4.979700148105621338e-01
2.906900048255920410e-01 4.998199939727783203e-01
2.901000082492828369e-01 5.002700090408325195e-01
2.885699868202209473e-01 5.055199861526489258e-01
2.896000146865844727e-01 5.036799907684326172e-01
2.668200135231018066e-01 5.812900066375732422e-01
2.664099931716918945e-01 5.843999981880187988e-01
2.666999995708465576e-01 5.827800035476684570e-01
2.664900124073028564e-01 5.836399793624877930e-01
2.448700070381164551e-01 5.590599775314331055e-01
2.532899975776672363e-01 6.230300068855285645e-01
2.533299922943115234e-01 6.251000165939331055e-01
2.529399991035461426e-01 6.299099922180175781e-01
2.517400085926055908e-01 6.319699883460998535e-01
2.505300045013427734e-01 6.331099867820739746e-01
2.471600025892257690e-01 6.396200060844421387e-01
2.485399991273880005e-01 6.380000114440917969e-01
5.495700240135192871e-01 7.220699787139892578e-01
5.507599711418151855e-01 7.226700186729431152e-01
5.520300269126892090e-01 7.177900075912475586e-01
5.532600283622741699e-01 7.223600149154663086e-01
5.544800162315368652e-01 7.193700075149536133e-01
5.546399950981140137e-01 7.280300259590148926e-01
5.535600185394287109e-01 7.293800115585327148e-01
5.528900027275085449e-01 7.275099754333496094e-01
5.522199869155883789e-01 7.265400290489196777e-01
5.507699847221374512e-01 7.251099944114685059e-01
5.373899936676025391e-01 7.468000054359436035e-01
5.314400196075439453e-01 7.403299808502197266e-01
5.328299999237060547e-01 7.384499907493591309e-01
5.350199937820434570e-01 6.912599802017211914e-01
5.355499982833862305e-01 6.905999779701232910e-01
5.376600027084350586e-01 6.879699826240539551e-01
5.390700101852416992e-01 6.868000030517578125e-01
5.404300093650817871e-01 6.854199767112731934e-01
5.413699746131896973e-01 6.862900257110595703e-01
5.413600206375122070e-01 6.877800226211547852e-01
5.408400297164916992e-01 6.889600157737731934e-01
5.408599972724914551e-01 6.906200051307678223e-01
3.607299923896789551e-01 3.497300148010253906e-01
3.604499995708465576e-01 3.739500045776367188e-01
3.624500036239624023e-01 3.783800005912780762e-01
3.519600033760070801e-01 3.474200069904327393e-01
5.611400008201599121e-01 3.953799903392791748e-01
4.172100126743316650e-01 3.990800082683563232e-01
4.076699912548065186e-01 4.108799993991851807e-01
3.677299916744232178e-01 3.646300137042999268e-01
3.522799909114837646e-01 3.548600077629089355e-01
4.051199853420257568e-01 3.707199990749359131e-01
4.054099917411804199e-01 3.704900145530700684e-01
4.059700071811676025e-01 3.748399913311004639e-01
4.096499979496002197e-01 3.483499884605407715e-01
4.139299988746643066e-01 3.803200125694274902e-01
4.169799983501434326e-01 4.092999994754791260e-01
4.171800017356872559e-01 4.026300013065338135e-01
4.056499898433685303e-01 3.805199861526489258e-01
3.931199908256530762e-01 4.140799939632415771e-01
3.923200070858001709e-01 3.805199861526489258e-01
3.936100006103515625e-01 3.574300110340118408e-01
3.902199864387512207e-01 3.724699914455413818e-01
3.863900005817413330e-01 3.878600001335144043e-01
4.314900040626525879e-01 3.204399943351745605e-01
4.322400093078613281e-01 3.305999934673309326e-01
4.349400103092193604e-01 3.183700144290924072e-01
4.429500102996826172e-01 3.321999907493591309e-01
4.420199990272521973e-01 3.351700007915496826e-01
4.406200051307678223e-01 3.356400132179260254e-01
4.071199893951416016e-01 3.271700143814086914e-01
4.077000021934509277e-01 3.127300143241882324e-01
4.065299928188323975e-01 3.255299925804138184e-01
4.089500010013580322e-01 3.216199874877929688e-01
4.207200109958648682e-01 3.221499919891357422e-01
4.411099851131439209e-01 3.281500041484832764e-01
4.412899911403656006e-01 3.220100104808807373e-01
4.454700052738189697e-01 3.440499901771545410e-01
4.467900097370147705e-01 3.439700007438659668e-01
4.493600130081176758e-01 3.454599976539611816e-01
4.504700005054473877e-01 3.423700034618377686e-01
4.502399861812591553e-01 3.439399898052215576e-01
4.383099973201751709e-01 3.328000009059906006e-01
4.339199960231781006e-01 3.276300132274627686e-01
4.317100048065185547e-01 3.261500000953674316e-01
4.317399859428405762e-01 3.253999948501586914e-01
5.395900011062622070e-01 3.108200132846832275e-01
4.678800106048583984e-01 4.221000075340270996e-01
4.704799950122833252e-01 4.232200086116790771e-01
4.699099957942962646e-01 4.227199852466583252e-01
5.399100184440612793e-01 3.048000037670135498e-01
5.390499830245971680e-01 3.084500133991241455e-01
5.380899906158447266e-01 3.071199953556060791e-01
5.383499860763549805e-01 3.073999881744384766e-01
5.396000146865844727e-01 3.003700077533721924e-01
5.397300124168395996e-01 3.005099892616271973e-01
5.399500131607055664e-01 3.007000088691711426e-01
5.400099754333496094e-01 2.996700108051300049e-01
5.411199927330017090e-01 2.989299893379211426e-01
5.417799949645996094e-01 2.987799942493438721e-01
5.412700176239013672e-01 2.981199920177459717e-01
5.417299866676330566e-01 2.963399887084960938e-01
4.930199980735778809e-01 3.210000097751617432e-01
4.970499873161315918e-01 3.235999941825866699e-01
4.985800087451934814e-01 3.236899971961975098e-01
5.002599954605102539e-01 3.215599954128265381e-01
5.009099841117858887e-01 3.213599920272827148e-01
4.982300102710723877e-01 3.241499960422515869e-01
2.656599879264831543e-01 1.163699999451637268e-01
2.655900120735168457e-01 1.172600015997886658e-01
2.597700059413909912e-01 1.052400022745132446e-01
2.974599897861480713e-01 2.018499970436096191e-01
2.973099946975708008e-01 2.045699954032897949e-01
4.991900026798248291e-01 6.313899755477905273e-01
5.001800060272216797e-01 6.440899968147277832e-01
2.903800010681152344e-01 1.931499987840652466e-01
2.860600054264068604e-01 1.766200065612792969e-01
2.845300137996673584e-01 1.607999950647354126e-01
2.847099900245666504e-01 1.599200069904327393e-01
2.954599857330322266e-01 1.669600009918212891e-01
2.956300079822540283e-01 1.657000035047531128e-01
4.650399982929229736e-01 8.019099831581115723e-01
4.658299982547760010e-01 8.096600174903869629e-01
4.651800096035003662e-01 8.058599829673767090e-01
4.709399938583374023e-01 8.161900043487548828e-01
4.683000147342681885e-01 8.203099966049194336e-01
4.125100076198577881e-01 8.573499917984008789e-01
4.219900071620941162e-01 8.533700108528137207e-01
4.229399859905242920e-01 8.531000018119812012e-01
4.207600057125091553e-01 8.496800065040588379e-01
4.727599918842315674e-01 8.175200223922729492e-01
4.712899923324584961e-01 8.232300281524658203e-01
4.741800129413604736e-01 8.293499946594238281e-01
4.751200079917907715e-01 8.315399885177612305e-01
4.764699935913085938e-01 8.333699703216552734e-01
4.771899878978729248e-01 8.342900276184082031e-01
4.767700135707855225e-01 8.383700251579284668e-01
4.768899977207183838e-01 8.389599919319152832e-01
4.726499915122985840e-01 8.399500250816345215e-01
5.709900259971618652e-01 6.195200085639953613e-01
5.715600252151489258e-01 6.175900101661682129e-01
4.508399963378906250e-01 8.066400289535522461e-01
4.507000148296356201e-01 8.116800189018249512e-01
4.465000033378601074e-01 8.293399810791015625e-01
4.472100138664245605e-01 8.327500224113464355e-01
4.515500068664550781e-01 8.407899737358093262e-01
4.527400135993957520e-01 8.380900025367736816e-01
4.537200033664703369e-01 8.396900296211242676e-01
4.542900025844573975e-01 8.383700251579284668e-01
4.558300077915191650e-01 8.347600102424621582e-01
4.542300105094909668e-01 8.339200019836425781e-01
4.534099996089935303e-01 8.345100283622741699e-01
4.719899892807006836e-01 5.779899954795837402e-01
4.725899994373321533e-01 5.807099938392639160e-01
4.724099934101104736e-01 5.869399905204772949e-01
4.728400111198425293e-01 6.058400273323059082e-01
4.748399853706359863e-01 6.219300031661987305e-01
4.772500097751617432e-01 6.365299820899963379e-01
5.064100027084350586e-01 7.224100232124328613e-01
5.060899853706359863e-01 7.199800014495849609e-01
5.060300230979919434e-01 7.166699767112731934e-01
5.050100088119506836e-01 7.134600281715393066e-01
5.021899938583374023e-01 7.127400040626525879e-01
4.964100122451782227e-01 7.174100279808044434e-01
4.952600002288818359e-01 7.174199819564819336e-01
4.937799870967864990e-01 7.173399925231933594e-01
4.929499924182891846e-01 7.167099714279174805e-01
4.926699995994567871e-01 7.185800075531005859e-01
4.925700128078460693e-01 7.194100022315979004e-01
4.917199909687042236e-01 7.198799848556518555e-01
4.911099970340728760e-01 7.198600172996520996e-01
4.914799928665161133e-01 7.208799719810485840e-01
4.764299988746643066e-01 5.685999989509582520e-01
4.560799896717071533e-01 5.724499821662902832e-01
4.336200058460235596e-01 1.238500028848648071e-01
4.842199981212615967e-01 5.242300033569335938e-01
4.735400080680847168e-01 6.178100109100341797e-01
4.705399870872497559e-01 6.068199872970581055e-01
4.699699878692626953e-01 6.115499734878540039e-01
4.675999879837036133e-01 6.065099835395812988e-01
4.664900004863739014e-01 6.099200248718261719e-01
5.706800222396850586e-01 6.054599881172180176e-01
5.670199990272521973e-01 6.046500205993652344e-01
4.235399961471557617e-01 5.718600153923034668e-01
4.183200001716613770e-01 5.666199922561645508e-01
4.144099950790405273e-01 5.634199976921081543e-01
4.136300086975097656e-01 5.602899789810180664e-01
4.104399979114532471e-01 5.552800297737121582e-01
4.074899852275848389e-01 5.516099929809570312e-01
4.050700068473815918e-01 5.448399782180786133e-01
3.966400027275085449e-01 5.338900089263916016e-01
3.873000144958496094e-01 5.224199891090393066e-01
5.375000238418579102e-01 4.811800122261047363e-01
3.777100145816802979e-01 3.235700130462646484e-01
3.531000018119812012e-01 7.454200088977813721e-02
3.679299950599670410e-01 5.933499895036220551e-03
5.029699802398681641e-01 7.872300148010253906e-01
5.008800029754638672e-01 7.817400097846984863e-01
4.992299973964691162e-01 7.993500232696533203e-01
5.044199824333190918e-01 6.466199755668640137e-01
5.059099793434143066e-01 6.527299880981445312e-01
5.065100193023681641e-01 6.483100056648254395e-01
5.068899989128112793e-01 6.427400112152099609e-01
5.067200064659118652e-01 6.434699892997741699e-01
5.881800055503845215e-01 6.129000186920166016e-01
5.838099718093872070e-01 6.137300133705139160e-01
5.850399732589721680e-01 6.134999990463256836e-01
5.862699747085571289e-01 6.132699847221374512e-01
5.818799734115600586e-01 6.141200065612792969e-01
5.830799937248229980e-01 6.139000058174133301e-01
5.842700004577636719e-01 6.136699914932250977e-01
5.854799747467041016e-01 6.134499907493591309e-01
4.216400086879730225e-01 7.358300089836120605e-01
4.213300049304962158e-01 7.362800240516662598e-01
4.207400083541870117e-01 7.372599840164184570e-01
4.542700052261352539e-01 6.986100077629089355e-01
4.544200003147125244e-01 6.984999775886535645e-01
5.036600232124328613e-01 7.918699979782104492e-01
3.122200071811676025e-01 5.934000015258789062e-01
3.100799918174743652e-01 5.910199880599975586e-01
3.133800029754638672e-01 5.905500054359436035e-01
3.098599910736083984e-01 5.842099785804748535e-01
3.102099895477294922e-01 5.790200233459472656e-01
3.091300129890441895e-01 5.707100033760070801e-01
3.073399960994720459e-01 5.639500021934509277e-01
3.083299994468688965e-01 5.605999827384948730e-01
4.043200016021728516e-01 5.773299932479858398e-01
4.223800003528594971e-01 6.730700135231018066e-01
3.180899918079376221e-01 7.164000272750854492e-01
3.148300051689147949e-01 7.018100023269653320e-01
3.192099928855895996e-01 6.957299709320068359e-01
3.234800100326538086e-01 6.979500055313110352e-01
3.225399851799011230e-01 6.914600133895874023e-01
3.520199954509735107e-01 5.406399965286254883e-01
3.675799965858459473e-01 5.261700153350830078e-01
4.079900085926055908e-01 4.759500026702880859e-01
3.985899984836578369e-01 5.066499710083007812e-01
3.990899920463562012e-01 5.078099966049194336e-01
4.014100134372711182e-01 5.101400017738342285e-01
3.979800045490264893e-01 5.069100260734558105e-01
