4.582751095294952393e-01 5.599287152290344238e-01
4.769239723682403564e-01 5.561431646347045898e-01
4.904807507991790771e-01 5.863755941390991211e-01
4.967503249645233154e-01 5.965384840965270996e-01
4.962421059608459473e-01 5.883439779281616211e-01
4.918439984321594238e-01 5.827470421791076660e-01
5.101847648620605469e-01 5.831878185272216797e-01
5.110845565795898438e-01 6.109085679054260254e-01
5.262630581855773926e-01 6.172720193862915039e-01
5.135762691497802734e-01 5.922976732254028320e-01
4.381395280361175537e-01 4.762037396430969238e-01
4.386108517646789551e-01 4.781342148780822754e-01
4.484692513942718506e-01 4.781657457351684570e-01
4.271138906478881836e-01 4.753050208091735840e-01
4.392146170139312744e-01 4.654341340065002441e-01
4.378101825714111328e-01 4.749100804328918457e-01
4.557647407054901123e-01 5.603099465370178223e-01
4.673041403293609619e-01 6.115814447402954102e-01
4.350866377353668213e-01 5.007100105285644531e-01
4.354554414749145508e-01 5.027347803115844727e-01
4.343244433403015137e-01 5.045062899589538574e-01
4.515785574913024902e-01 5.321282148361206055e-01
5.117627382278442383e-01 3.956097960472106934e-01
5.261985063552856445e-01 4.089617729187011719e-01
5.273358821868896484e-01 4.106791615486145020e-01
5.257632136344909668e-01 4.046257734298706055e-01
5.274403691291809082e-01 3.959147334098815918e-01
5.252616405487060547e-01 3.918687701225280762e-01
5.370573401451110840e-01 3.891746401786804199e-01
5.355843305587768555e-01 3.839602470397949219e-01
4.329800307750701904e-01 4.265320301055908203e-01
3.728448748588562012e-01 2.377782911062240601e-01
3.858204782009124756e-01 2.175507098436355591e-01
3.833735883235931396e-01 2.392918914556503296e-01
3.698522150516510010e-01 2.151956707239151001e-01
4.513675570487976074e-01 4.318641424179077148e-01
4.328570365905761719e-01 4.253842234611511230e-01
4.202322661876678467e-01 4.296092391014099121e-01
4.305046200752258301e-01 4.265398383140563965e-01
4.266960620880126953e-01 4.391584992408752441e-01
4.271529912948608398e-01 4.157379865646362305e-01
4.373557865619659424e-01 4.356867671012878418e-01
4.218802452087402344e-01 4.265556335449218750e-01
4.339160621166229248e-01 4.288572669029235840e-01
4.527709782123565674e-01 5.237563848495483398e-01
4.560494124889373779e-01 5.202063322067260742e-01
4.592789113521575928e-01 5.156050324440002441e-01
4.595552384853363037e-01 5.050100684165954590e-01
4.112145602703094482e-01 4.236186742782592773e-01
4.163152277469635010e-01 4.414688348770141602e-01
4.172427654266357422e-01 4.389625787734985352e-01
4.189595580101013184e-01 4.191698431968688965e-01
4.483081698417663574e-01 4.289960265159606934e-01
4.594030380249023438e-01 4.253498315811157227e-01
4.546310007572174072e-01 4.268034696578979492e-01
4.532712399959564209e-01 4.134709835052490234e-01
4.554112553596496582e-01 4.258680939674377441e-01
4.908538162708282471e-01 4.190871119499206543e-01
4.998782575130462646e-01 4.115782380104064941e-01
4.972012937068939209e-01 4.133393764495849609e-01
3.940462470054626465e-01 5.460210442543029785e-01
4.490594565868377686e-01 4.674146771430969238e-01
3.965327441692352295e-01 5.073834657669067383e-01
4.023935794830322266e-01 4.911946058273315430e-01
4.215131700038909912e-01 4.785801172256469727e-01
4.094636142253875732e-01 4.748407602310180664e-01
4.443725347518920898e-01 9.810687303543090820e-01
4.330294132232666016e-01 9.831041097640991211e-01
4.229688048362731934e-01 9.724565744400024414e-01
4.403618872165679932e-01 9.798356294631958008e-01
4.433921873569488525e-01 9.850294589996337891e-01
4.401672780513763428e-01 9.820141792297363281e-01
4.442516267299652100e-01 9.842323064804077148e-01
4.489331245422363281e-01 9.548692703247070312e-01
4.452042579650878906e-01 9.631738662719726562e-01
4.549100995063781738e-01 9.528203010559082031e-01
4.393750727176666260e-01 9.499278068542480469e-01
4.394925236701965332e-01 9.752886295318603516e-01
4.457074403762817383e-01 9.654116630554199219e-01
4.245000481605529785e-01 9.557634592056274414e-01
4.321681559085845947e-01 9.820122718811035156e-01
4.399473071098327637e-01 9.587398767471313477e-01
4.237532913684844971e-01 9.821562767028808594e-01
4.433590769767761230e-01 9.775680303573608398e-01
4.339272975921630859e-01 9.707057476043701172e-01
4.388912618160247803e-01 9.708340167999267578e-01
4.326271414756774902e-01 9.916454553604125977e-01
4.309750795364379883e-01 9.809623956680297852e-01
5.890826582908630371e-01 5.029504299163818359e-01
5.830764174461364746e-01 5.114896297454833984e-01
5.866483449935913086e-01 5.014058947563171387e-01
5.878561139106750488e-01 4.929908514022827148e-01
5.862453579902648926e-01 4.991378784179687500e-01
5.756534934043884277e-01 4.953144192695617676e-01
5.878300666809082031e-01 4.902875423431396484e-01
5.833361744880676270e-01 4.822776913642883301e-01
5.831050872802734375e-01 4.876247048377990723e-01
5.658332705497741699e-01 4.404329061508178711e-01
5.616077780723571777e-01 4.719060659408569336e-01
5.664106607437133789e-01 4.643337726593017578e-01
5.760566592216491699e-01 4.514944553375244141e-01
5.686742663383483887e-01 4.522989988327026367e-01
5.648078322410583496e-01 4.546272158622741699e-01
5.623059272766113281e-01 4.696728587150573730e-01
5.662457942962646484e-01 4.840336441993713379e-01
5.534352660179138184e-01 4.737657904624938965e-01
5.536739826202392578e-01 4.317148327827453613e-01
5.915150046348571777e-01 4.618251919746398926e-01
5.807065367698669434e-01 4.503096342086791992e-01
5.808255076408386230e-01 4.640975594520568848e-01
5.196685791015625000e-01 9.156007766723632812e-01
5.168471932411193848e-01 9.089881181716918945e-01
5.210976600646972656e-01 9.121795892715454102e-01
5.212609767913818359e-01 8.978382349014282227e-01
4.959717392921447754e-01 8.871515393257141113e-01
5.048252940177917480e-01 8.984051346778869629e-01
4.725617170333862305e-01 8.801792860031127930e-01
5.077133774757385254e-01 8.929514884948730469e-01
4.157799184322357178e-01 9.657019376754760742e-01
4.363387525081634521e-01 9.765069484710693359e-01
4.423392713069915771e-01 9.656001329421997070e-01
4.595564305782318115e-01 9.557156562805175781e-01
4.580383300781250000e-01 9.833043813705444336e-01
4.838490784168243408e-01 9.750376939773559570e-01
4.825543761253356934e-01 9.603415727615356445e-01
4.999829530715942383e-01 1.005140781402587891e+00
5.183636546134948730e-01 1.032195091247558594e+00
5.382280349731445312e-01 1.068577766418457031e+00
5.062587857246398926e-01 1.016949295997619629e+00
5.193079113960266113e-01 1.035660743713378906e+00
5.052360892295837402e-01 1.048951983451843262e+00
5.007180571556091309e-01 1.065526604652404785e+00
4.820868670940399170e-01 3.735675215721130371e-01
4.719113707542419434e-01 3.771437406539916992e-01
4.867267012596130371e-01 3.868926167488098145e-01
4.366645812988281250e-01 5.314717292785644531e-01
4.490071237087249756e-01 5.332151651382446289e-01
4.412242472171783447e-01 5.337370038032531738e-01
4.607647359371185303e-01 5.302255153656005859e-01
4.670234322547912598e-01 5.476620793342590332e-01
4.637987017631530762e-01 5.480315685272216797e-01
4.804809391498565674e-01 5.491557717323303223e-01
4.365817010402679443e-01 5.916506648063659668e-01
4.301469922065734863e-01 6.020803451538085938e-01
4.438451826572418213e-01 5.517234206199645996e-01
5.023881793022155762e-01 4.074729084968566895e-01
4.355709850788116455e-01 5.092819333076477051e-01
5.055569410324096680e-01 3.898856639862060547e-01
4.418392479419708252e-01 4.458912611007690430e-01
4.728447794914245605e-01 4.159690737724304199e-01
4.797379374504089355e-01 3.931540250778198242e-01
4.777529835700988770e-01 3.780136108398437500e-01
4.720070362091064453e-01 3.799634575843811035e-01
4.764464199542999268e-01 3.766314387321472168e-01
5.224920511245727539e-01 3.790941238403320312e-01
5.298752188682556152e-01 3.801739215850830078e-01
5.266873836517333984e-01 3.797456026077270508e-01
5.134664773941040039e-01 3.674781918525695801e-01
4.792967736721038818e-01 3.497698903083801270e-01
4.699686169624328613e-01 3.517246246337890625e-01
4.816035926342010498e-01 3.571291565895080566e-01
4.909171164035797119e-01 3.587296605110168457e-01
4.780504405498504639e-01 3.505148291587829590e-01
4.501883983612060547e-01 3.505753278732299805e-01
4.674741923809051514e-01 3.519052863121032715e-01
4.665118455886840820e-01 3.530064821243286133e-01
4.949194788932800293e-01 3.650408983230590820e-01
4.921816885471343994e-01 3.458876609802246094e-01
5.094178318977355957e-01 3.564409613609313965e-01
5.165858268737792969e-01 3.981919288635253906e-01
5.152336359024047852e-01 3.981123566627502441e-01
5.225674510002136230e-01 3.855273723602294922e-01
5.275784134864807129e-01 3.768117427825927734e-01
5.250841379165649414e-01 3.494235873222351074e-01
5.370936989784240723e-01 3.521711826324462891e-01
5.323290228843688965e-01 3.539882898330688477e-01
4.925778508186340332e-01 3.215916752815246582e-01
4.864406883716583252e-01 3.206541538238525391e-01
5.189614295959472656e-01 3.113042116165161133e-01
5.183105468750000000e-01 3.095226883888244629e-01
5.280189514160156250e-01 3.103050589561462402e-01
5.365447402000427246e-01 3.131765127182006836e-01
5.236333608627319336e-01 3.095150589942932129e-01
5.249108672142028809e-01 3.177030682563781738e-01
5.163610577583312988e-01 3.095189929008483887e-01
5.160734057426452637e-01 3.019944429397583008e-01
4.895605146884918213e-01 2.969560027122497559e-01
5.092272162437438965e-01 3.036600351333618164e-01
4.949393272399902344e-01 3.056569099426269531e-01
4.882524907588958740e-01 2.977748513221740723e-01
5.138611793518066406e-01 3.062537908554077148e-01
4.919063448905944824e-01 3.085194230079650879e-01
5.097662806510925293e-01 3.066278696060180664e-01
4.916427731513977051e-01 3.108724951744079590e-01
5.291736721992492676e-01 3.241697549819946289e-01
4.920398294925689697e-01 2.949199676513671875e-01
4.960222542285919189e-01 3.037005066871643066e-01
5.057501196861267090e-01 3.089999556541442871e-01
5.775002837181091309e-01 3.475406765937805176e-01
5.726243853569030762e-01 3.527771830558776855e-01
5.851178169250488281e-01 3.491305708885192871e-01
5.751318335533142090e-01 3.597412705421447754e-01
5.709686279296875000e-01 3.503746390342712402e-01
5.685440897941589355e-01 3.727084994316101074e-01
5.511049032211303711e-01 3.721626400947570801e-01
4.873161017894744873e-01 4.350066781044006348e-01
4.764331579208374023e-01 4.328896999359130859e-01
4.620949625968933105e-01 4.296557903289794922e-01
4.585849046707153320e-01 4.448265433311462402e-01
4.554073214530944824e-01 4.478164911270141602e-01
5.037072300910949707e-01 4.382756352424621582e-01
5.023529529571533203e-01 4.244765043258666992e-01
4.971631467342376709e-01 4.309642314910888672e-01
5.012605786323547363e-01 4.296165108680725098e-01
5.040243864059448242e-01 4.283698797225952148e-01
5.128790140151977539e-01 4.243236780166625977e-01
5.173857808113098145e-01 3.995671272277832031e-01
5.252418518066406250e-01 4.027467966079711914e-01
5.256553888320922852e-01 3.980918526649475098e-01
5.269258022308349609e-01 3.941512107849121094e-01
5.037471652030944824e-01 5.231789350509643555e-01
4.315118193626403809e-01 3.819247484207153320e-01
4.457445144653320312e-01 3.464354872703552246e-01
4.813347458839416504e-01 3.649840950965881348e-01
4.741453528404235840e-01 3.719696998596191406e-01
4.562078118324279785e-01 3.512137532234191895e-01
4.673951864242553711e-01 3.588733077049255371e-01
4.701160490512847900e-01 3.913539052009582520e-01
4.590967595577239990e-01 3.497949838638305664e-01
4.947265386581420898e-01 3.871790766716003418e-01
5.389845967292785645e-01 3.667111992835998535e-01
5.420025587081909180e-01 3.796689510345458984e-01
5.511683821678161621e-01 3.770539164543151855e-01
5.668434500694274902e-01 3.608806133270263672e-01
5.018138885498046875e-01 4.974472522735595703e-01
5.180444717407226562e-01 5.009062886238098145e-01
5.153019428253173828e-01 5.310951471328735352e-01
5.214235186576843262e-01 5.959888696670532227e-01
5.148238539695739746e-01 5.418381094932556152e-01
5.445628762245178223e-01 7.735827565193176270e-01
5.377943515777587891e-01 7.404174804687500000e-01
5.417937040328979492e-01 7.277403473854064941e-01
5.049147605895996094e-01 5.121740102767944336e-01
5.009607076644897461e-01 4.997076988220214844e-01
4.806403219699859619e-01 4.925770759582519531e-01
4.815092682838439941e-01 5.042659044265747070e-01
4.803207516670227051e-01 4.898979067802429199e-01
4.914368391036987305e-01 4.977187514305114746e-01
4.794504344463348389e-01 4.915776252746582031e-01
4.804162979125976562e-01 4.970415234565734863e-01
4.901361763477325439e-01 5.008084774017333984e-01
4.872667491436004639e-01 4.918502569198608398e-01
4.954047501087188721e-01 4.980287551879882812e-01
4.881138205528259277e-01 4.942275881767272949e-01
4.754096865653991699e-01 5.026629567146301270e-01
4.977989196777343750e-01 5.117776989936828613e-01
4.850809872150421143e-01 4.930396080017089844e-01
4.786409735679626465e-01 5.053853392601013184e-01
4.614254236221313477e-01 5.133871436119079590e-01
5.046164393424987793e-01 4.858708977699279785e-01
4.950547516345977783e-01 4.956014752388000488e-01
5.003029704093933105e-01 5.114917755126953125e-01
5.015541911125183105e-01 5.080907344818115234e-01
5.007865428924560547e-01 5.023475885391235352e-01
5.965410470962524414e-01 4.092555642127990723e-01
5.914100408554077148e-01 4.084409475326538086e-01
5.936025381088256836e-01 4.373408555984497070e-01
5.824936032295227051e-01 4.378390312194824219e-01
5.966597795486450195e-01 4.458178877830505371e-01
6.077898740768432617e-01 4.339703917503356934e-01
6.019659042358398438e-01 4.358447194099426270e-01
6.086017489433288574e-01 4.314424395561218262e-01
6.082813143730163574e-01 4.309657216072082520e-01
6.133505105972290039e-01 4.322952032089233398e-01
6.219778060913085938e-01 4.348657131195068359e-01
6.060464978218078613e-01 4.429826140403747559e-01
6.233813762664794922e-01 4.360792636871337891e-01
6.235471963882446289e-01 4.359590411186218262e-01
6.293677687644958496e-01 4.281368255615234375e-01
6.167458891868591309e-01 4.205551743507385254e-01
6.215082406997680664e-01 4.281069636344909668e-01
6.324158310890197754e-01 4.269908666610717773e-01
6.214029192924499512e-01 4.209136366844177246e-01
6.237932443618774414e-01 4.271643757820129395e-01
6.242999434471130371e-01 4.204971790313720703e-01
6.273246407508850098e-01 4.255707859992980957e-01
4.707929491996765137e-01 1.009912848472595215e+00
2.002209722995758057e-01 8.138443827629089355e-01
1.908309608697891235e-01 8.055613040924072266e-01
2.206820696592330933e-01 8.338430523872375488e-01
2.326170504093170166e-01 8.514062762260437012e-01
2.241345643997192383e-01 8.297786116600036621e-01
2.351589053869247437e-01 8.463211059570312500e-01
5.933158993721008301e-01 1.002279162406921387e+00
5.903584361076354980e-01 1.003293752670288086e+00
5.530633926391601562e-01 9.958474636077880859e-01
5.418471097946166992e-01 9.607627391815185547e-01
5.651441812515258789e-01 9.701887369155883789e-01
5.702142715454101562e-01 9.828187227249145508e-01
4.523080587387084961e-01 9.786624908447265625e-01
4.906871318817138672e-01 9.994165897369384766e-01
4.951169490814208984e-01 9.961239099502563477e-01
5.054037570953369141e-01 9.833921194076538086e-01
5.016087293624877930e-01 9.892994165420532227e-01
5.089368224143981934e-01 9.975848197937011719e-01
5.509268045425415039e-01 9.921178817749023438e-01
5.179026126861572266e-01 9.996113777160644531e-01
5.629948377609252930e-01 9.946446418762207031e-01
5.644549131393432617e-01 6.143987774848937988e-01
5.631700754165649414e-01 6.070421338081359863e-01
5.492233633995056152e-01 6.136878132820129395e-01
5.119773149490356445e-01 6.221540570259094238e-01
5.059307813644409180e-01 6.086481809616088867e-01
5.085265040397644043e-01 6.118677258491516113e-01
4.993167817592620850e-01 6.307842731475830078e-01
5.110758543014526367e-01 6.128047108650207520e-01
5.103909373283386230e-01 6.088315844535827637e-01
5.221691727638244629e-01 6.132645606994628906e-01
5.494047403335571289e-01 6.217905879020690918e-01
5.326055884361267090e-01 6.107811927795410156e-01
5.493012070655822754e-01 6.206361055374145508e-01
5.239293575286865234e-01 6.285732388496398926e-01
5.291621088981628418e-01 6.041867733001708984e-01
5.170407295227050781e-01 6.209470033645629883e-01
4.025115668773651123e-01 6.233276128768920898e-01
4.072011113166809082e-01 6.188350915908813477e-01
4.072257578372955322e-01 6.194409132003784180e-01
3.990198969841003418e-01 6.146695613861083984e-01
3.850694000720977783e-01 6.110461950302124023e-01
3.905723094940185547e-01 6.226804256439208984e-01
7.014760375022888184e-01 8.690547347068786621e-01
6.831748485565185547e-01 8.809868693351745605e-01
6.776110529899597168e-01 8.962781429290771484e-01
6.484242677688598633e-01 8.626931905746459961e-01
6.567665934562683105e-01 8.684211373329162598e-01
6.550366878509521484e-01 8.599455356597900391e-01
6.541889905929565430e-01 8.547432422637939453e-01
6.608720421791076660e-01 8.498079180717468262e-01
6.644181609153747559e-01 8.677908778190612793e-01
6.751661896705627441e-01 8.683332204818725586e-01
5.738790035247802734e-01 8.389033079147338867e-01
5.708698630332946777e-01 8.571613430976867676e-01
5.687575340270996094e-01 8.448140621185302734e-01
5.613636374473571777e-01 8.146717548370361328e-01
5.538206696510314941e-01 8.194979429244995117e-01
5.708599686622619629e-01 8.393464088439941406e-01
5.641710758209228516e-01 8.448383212089538574e-01
5.690144300460815430e-01 8.450342416763305664e-01
5.911877751350402832e-01 8.603432774543762207e-01
5.482177138328552246e-01 8.353101015090942383e-01
5.559753179550170898e-01 8.468260765075683594e-01
5.317856669425964355e-01 8.406796455383300781e-01
5.173661708831787109e-01 7.182875275611877441e-01
4.845362901687622070e-01 7.302670478820800781e-01
5.222873091697692871e-01 7.125365138053894043e-01
5.948215723037719727e-01 6.826040744781494141e-01
5.735700130462646484e-01 6.526944637298583984e-01
5.837292671203613281e-01 6.742738485336303711e-01
5.044956207275390625e-01 7.080783247947692871e-01
5.276452302932739258e-01 6.164903640747070312e-01
5.076073408126831055e-01 7.463565468788146973e-01
4.896335601806640625e-01 7.591913342475891113e-01
4.613657593727111816e-01 7.719637751579284668e-01
4.770287275314331055e-01 7.686250209808349609e-01
4.531049132347106934e-01 7.691436409950256348e-01
5.549861192703247070e-01 6.959963440895080566e-01
5.503014326095581055e-01 7.064077258110046387e-01
5.726528167724609375e-01 6.948968172073364258e-01
5.359609127044677734e-01 6.902525424957275391e-01
5.847120881080627441e-01 7.096211314201354980e-01
5.498301386833190918e-01 6.927750706672668457e-01
6.072280406951904297e-01 7.094812989234924316e-01
6.054572463035583496e-01 6.982632279396057129e-01
6.010130643844604492e-01 6.984804272651672363e-01
5.402132272720336914e-01 6.308544874191284180e-01
5.020161867141723633e-01 6.422040462493896484e-01
4.448638558387756348e-01 6.189207434654235840e-01
4.726902246475219727e-01 6.417361497879028320e-01
4.379822015762329102e-01 6.254277825355529785e-01
4.350290000438690186e-01 6.254664063453674316e-01
4.219139218330383301e-01 5.940871834754943848e-01
4.117268025875091553e-01 6.121920943260192871e-01
4.082598686218261719e-01 5.954005718231201172e-01
3.854621350765228271e-01 5.770331621170043945e-01
3.771640658378601074e-01 5.867710709571838379e-01
3.812209665775299072e-01 5.695714950561523438e-01
3.705147206783294678e-01 5.779173970222473145e-01
3.684489130973815918e-01 5.803784728050231934e-01
4.460596144199371338e-01 6.872342228889465332e-01
4.097597301006317139e-01 7.070868611335754395e-01
4.323704838752746582e-01 6.907919049263000488e-01
4.873891174793243408e-01 6.577330827713012695e-01
5.083682537078857422e-01 6.636864542961120605e-01
5.829139351844787598e-01 6.253874301910400391e-01
5.701739788055419922e-01 6.461573243141174316e-01
7.063070535659790039e-01 5.683043003082275391e-01
6.900805234909057617e-01 4.804747104644775391e-01
6.997761130332946777e-01 4.806789159774780273e-01
6.894670128822326660e-01 4.818735718727111816e-01
6.686064600944519043e-01 4.466479420661926270e-01
2.567878365516662598e-01 3.423538804054260254e-01
2.552463114261627197e-01 3.098561763763427734e-01
6.907652616500854492e-01 4.675169587135314941e-01
3.806253075599670410e-01 4.062492847442626953e-01
3.315111696720123291e-01 3.449832797050476074e-01
3.397815823554992676e-01 3.591765761375427246e-01
3.344981670379638672e-01 3.475136756896972656e-01
3.763809800148010254e-01 3.788649439811706543e-01
3.877357840538024902e-01 3.807318806648254395e-01
3.841942548751831055e-01 3.970763087272644043e-01
3.945688903331756592e-01 3.803349733352661133e-01
3.743259012699127197e-01 3.719467520713806152e-01
3.740412294864654541e-01 3.603875041007995605e-01
4.211025238037109375e-01 4.004589319229125977e-01
4.510777592658996582e-01 4.074565768241882324e-01
4.777736663818359375e-01 3.973199725151062012e-01
4.896757900714874268e-01 4.113060832023620605e-01
4.442336559295654297e-01 4.122319221496582031e-01
5.164729952812194824e-01 7.207840681076049805e-01
4.947417080402374268e-01 7.619608640670776367e-01
4.935327172279357910e-01 7.541091442108154297e-01
4.978251755237579346e-01 7.537261247634887695e-01
5.008844733238220215e-01 7.556805610656738281e-01
4.991841912269592285e-01 7.446104288101196289e-01
4.991060495376586914e-01 7.581980824470520020e-01
5.035498738288879395e-01 7.654739618301391602e-01
5.071909427642822266e-01 7.620964646339416504e-01
5.043813586235046387e-01 7.745414972305297852e-01
4.990670680999755859e-01 7.724207043647766113e-01
5.055774450302124023e-01 7.678765058517456055e-01
5.072606801986694336e-01 7.087099552154541016e-01
5.058730244636535645e-01 7.192628979682922363e-01
5.080152750015258789e-01 6.916821599006652832e-01
5.177911520004272461e-01 6.849380731582641602e-01
5.149452090263366699e-01 6.842699646949768066e-01
5.184252858161926270e-01 6.888659000396728516e-01
5.214201807975769043e-01 6.783316731452941895e-01
5.274678468704223633e-01 6.883266568183898926e-01
5.295604467391967773e-01 6.864727735519409180e-01
5.279895067214965820e-01 6.853255033493041992e-01
5.384130477905273438e-01 4.311271309852600098e-01
5.354831814765930176e-01 4.420505166053771973e-01
5.326911211013793945e-01 4.325458407402038574e-01
5.326619744300842285e-01 4.285212755203247070e-01
4.349623620510101318e-01 4.702803492546081543e-01
4.326908886432647705e-01 4.640983939170837402e-01
4.427385926246643066e-01 4.692710638046264648e-01
4.473184347152709961e-01 4.630240797996520996e-01
4.506987035274505615e-01 4.610009789466857910e-01
4.511861503124237061e-01 4.536611437797546387e-01
4.639604389667510986e-01 4.540327191352844238e-01
4.620290398597717285e-01 4.612470865249633789e-01
4.702705740928649902e-01 4.442498683929443359e-01
4.786273241043090820e-01 4.674653410911560059e-01
4.844632744789123535e-01 4.543012976646423340e-01
5.069882273674011230e-01 4.120750427246093750e-01
5.010418295860290527e-01 4.261780977249145508e-01
5.134310126304626465e-01 4.196759462356567383e-01
5.043323636054992676e-01 4.363838434219360352e-01
4.969485700130462646e-01 4.371719956398010254e-01
5.048999786376953125e-01 4.435642361640930176e-01
5.022083520889282227e-01 4.483411908149719238e-01
5.760353803634643555e-01 2.889118790626525879e-01
5.783709883689880371e-01 3.016113638877868652e-01
6.267459988594055176e-01 3.109849691390991211e-01
6.243064403533935547e-01 3.001187443733215332e-01
5.573876500129699707e-01 2.824303507804870605e-01
5.528576970100402832e-01 2.641178369522094727e-01
5.520741343498229980e-01 2.604767084121704102e-01
5.426539778709411621e-01 2.715167403221130371e-01
5.492997765541076660e-01 2.451412528753280640e-01
5.518426299095153809e-01 2.608463168144226074e-01
5.250096321105957031e-01 2.584401965141296387e-01
5.355908274650573730e-01 2.761888504028320312e-01
5.348909497261047363e-01 2.729333639144897461e-01
5.407343506813049316e-01 2.719937562942504883e-01
5.364260673522949219e-01 2.759203910827636719e-01
5.336964726448059082e-01 2.881574034690856934e-01
5.608574748039245605e-01 2.863186597824096680e-01
5.589422583580017090e-01 2.929120063781738281e-01
5.615424513816833496e-01 2.957063913345336914e-01
5.626765489578247070e-01 2.967451810836791992e-01
5.584768056869506836e-01 2.955763936042785645e-01
5.572497248649597168e-01 2.955121397972106934e-01
5.072218179702758789e-01 5.495758056640625000e-01
4.226290881633758545e-01 4.730268716812133789e-01
4.309005439281463623e-01 4.732710123062133789e-01
3.882313966751098633e-01 4.768489003181457520e-01
4.163555502891540527e-01 4.638483524322509766e-01
3.456795513629913330e-01 2.742683291435241699e-01
6.479527354240417480e-01 5.869629979133605957e-01
6.616356968879699707e-01 6.594829559326171875e-01
6.558228731155395508e-01 6.477965712547302246e-01
6.793537139892578125e-01 6.493548154830932617e-01
6.577826142311096191e-01 6.253215074539184570e-01
6.849218010902404785e-01 6.160578131675720215e-01
6.923370957374572754e-01 6.403958797454833984e-01
6.611841917037963867e-01 6.310701370239257812e-01
5.726995468139648438e-01 5.511804819107055664e-01
4.398878216743469238e-01 5.266724228858947754e-01
4.527046382427215576e-01 5.416796803474426270e-01
4.243677258491516113e-01 5.326349139213562012e-01
4.282175600528717041e-01 5.267730951309204102e-01
4.374527335166931152e-01 5.356303453445434570e-01
4.130652844905853271e-01 5.397403836250305176e-01
4.905009269714355469e-01 5.521425604820251465e-01
4.664576947689056396e-01 3.703772425651550293e-01
4.620339572429656982e-01 3.768246173858642578e-01
4.541998505592346191e-01 3.900118470191955566e-01
4.596859514713287354e-01 3.826725482940673828e-01
4.936726391315460205e-01 3.006201982498168945e-01
5.065014362335205078e-01 3.052849769592285156e-01
5.084663033485412598e-01 3.026841878890991211e-01
4.780762791633605957e-01 4.728430509567260742e-01
4.722351133823394775e-01 4.595186114311218262e-01
4.841880202293395996e-01 4.514408707618713379e-01
4.720476865768432617e-01 3.877391219139099121e-01
4.432698488235473633e-01 3.825755715370178223e-01
4.768529832363128662e-01 3.523846268653869629e-01
4.695628583431243896e-01 3.548414111137390137e-01
4.691413342952728271e-01 3.076637387275695801e-01
4.431241750717163086e-01 2.554356455802917480e-01
4.595525264739990234e-01 2.496365159749984741e-01
4.651192128658294678e-01 2.533490061759948730e-01
4.784160554409027100e-01 2.737482786178588867e-01
4.762373566627502441e-01 2.604584693908691406e-01
4.876962900161743164e-01 2.557310461997985840e-01
4.783186018466949463e-01 2.563810348510742188e-01
6.113041043281555176e-01 6.633832454681396484e-01
6.738973259925842285e-01 7.064673304557800293e-01
6.763672232627868652e-01 5.854940414428710938e-01
4.664690196514129639e-01 8.254588842391967773e-01
5.169808864593505859e-01 7.962657213211059570e-01
5.268301963806152344e-01 8.162919282913208008e-01
4.304708838462829590e-01 6.102686524391174316e-01
4.265893399715423584e-01 6.026728153228759766e-01
4.227367937564849854e-01 6.175440549850463867e-01
4.450757801532745361e-01 6.548737287521362305e-01
4.401302933692932129e-01 7.041636705398559570e-01
4.274066984653472900e-01 7.442005276679992676e-01
4.217093288898468018e-01 7.516779303550720215e-01
4.162575006484985352e-01 8.091315031051635742e-01
4.091527760028839111e-01 7.970218658447265625e-01
4.167219698429107666e-01 7.574800848960876465e-01
4.485156238079071045e-01 7.725195884704589844e-01
4.708414971828460693e-01 7.122838497161865234e-01
4.680366218090057373e-01 6.658326387405395508e-01
4.740456938743591309e-01 6.326934099197387695e-01
4.819236099720001221e-01 5.750360488891601562e-01
4.338600933551788330e-01 3.751566410064697266e-01
4.304745495319366455e-01 2.975698709487915039e-01
4.543788731098175049e-01 3.041195869445800781e-01
4.793923497200012207e-01 3.073304891586303711e-01
4.839295148849487305e-01 3.133780360221862793e-01
4.724096953868865967e-01 3.071453571319580078e-01
4.884587526321411133e-01 3.156280517578125000e-01
4.991523623466491699e-01 3.188862800598144531e-01
5.085567831993103027e-01 3.203967809677124023e-01
5.095208287239074707e-01 3.332006931304931641e-01
5.199338197708129883e-01 3.294019699096679688e-01
5.212700366973876953e-01 3.362709283828735352e-01
5.269126892089843750e-01 3.303054571151733398e-01
5.331897139549255371e-01 3.350114822387695312e-01
5.442717671394348145e-01 3.424552083015441895e-01
5.605054497718811035e-01 3.465850353240966797e-01
5.754151344299316406e-01 3.691084980964660645e-01
5.505005121231079102e-01 3.356554508209228516e-01
5.664656758308410645e-01 3.408668637275695801e-01
5.255779623985290527e-01 3.297649621963500977e-01
4.777000546455383301e-01 3.082285523414611816e-01
4.778839945793151855e-01 3.042815923690795898e-01
4.570772349834442139e-01 2.978025674819946289e-01
5.533253550529479980e-01 6.523383855819702148e-01
5.247637033462524414e-01 6.097975373268127441e-01
5.218024253845214844e-01 6.128387451171875000e-01
5.130411982536315918e-01 6.026711463928222656e-01
5.228563547134399414e-01 6.095424890518188477e-01
5.247316956520080566e-01 6.178332567214965820e-01
5.283964872360229492e-01 6.187536120414733887e-01
5.177819132804870605e-01 6.155264377593994141e-01
5.335800647735595703e-01 6.107332706451416016e-01
5.226411819458007812e-01 6.184556484222412109e-01
5.688790678977966309e-01 6.706075668334960938e-01
5.473418235778808594e-01 6.740546822547912598e-01
5.423282384872436523e-01 6.896568536758422852e-01
5.371301770210266113e-01 6.833307147026062012e-01
5.415350198745727539e-01 6.924305558204650879e-01
5.384954810142517090e-01 6.915252208709716797e-01
5.370682477951049805e-01 6.742451786994934082e-01
5.227094888687133789e-01 6.678642034530639648e-01
5.484029054641723633e-01 6.628546118736267090e-01
5.422894954681396484e-01 6.581400632858276367e-01
5.497691035270690918e-01 6.730096340179443359e-01
5.490975379943847656e-01 6.823617815971374512e-01
5.649205446243286133e-01 5.653998851776123047e-01
5.483214259147644043e-01 5.657461881637573242e-01
3.527582585811614990e-01 6.389731764793395996e-01
5.711175203323364258e-01 5.482292175292968750e-01
5.938109755516052246e-01 5.406102538108825684e-01
5.860006213188171387e-01 5.463466644287109375e-01
5.911297202110290527e-01 5.403771400451660156e-01
5.138813257217407227e-01 5.711687207221984863e-01
5.071557760238647461e-01 5.767182111740112305e-01
5.053886175155639648e-01 5.552586913108825684e-01
5.064033865928649902e-01 5.589712858200073242e-01
5.010946393013000488e-01 5.613558292388916016e-01
4.893686175346374512e-01 5.664148926734924316e-01
5.088766217231750488e-01 5.634334087371826172e-01
5.027059316635131836e-01 5.711853504180908203e-01
4.975268244743347168e-01 5.681822299957275391e-01
5.063633918762207031e-01 5.644224286079406738e-01
5.050448179244995117e-01 5.576111078262329102e-01
4.992520213127136230e-01 5.735808610916137695e-01
5.234032273292541504e-01 5.664188861846923828e-01
5.285596847534179688e-01 5.631272792816162109e-01
5.282005667686462402e-01 5.646308064460754395e-01
4.269189238548278809e-01 4.224165678024291992e-01
4.182280898094177246e-01 4.141806960105895996e-01
4.126313030719757080e-01 4.073764085769653320e-01
4.180279672145843506e-01 3.952953219413757324e-01
4.186916053295135498e-01 4.036713838577270508e-01
4.238229393959045410e-01 3.582670092582702637e-01
4.195988178253173828e-01 3.623036742210388184e-01
4.173738360404968262e-01 3.722044825553894043e-01
4.850780665874481201e-01 3.643702864646911621e-01
4.749202132225036621e-01 3.631320595741271973e-01
4.210674166679382324e-01 3.914255499839782715e-01
4.231193959712982178e-01 4.055649042129516602e-01
4.056074321269989014e-01 4.164597392082214355e-01
4.158395230770111084e-01 4.195253849029541016e-01
4.166606664657592773e-01 3.842877745628356934e-01
4.176330864429473877e-01 3.893189430236816406e-01
4.230270087718963623e-01 3.853240013122558594e-01
4.193829596042633057e-01 3.879490494728088379e-01
4.129629433155059814e-01 3.834491372108459473e-01
4.228174984455108643e-01 3.814061880111694336e-01
4.286060929298400879e-01 3.772125244140625000e-01
4.238573014736175537e-01 3.720519542694091797e-01
5.005211234092712402e-01 4.142516255378723145e-01
4.898355901241302490e-01 3.870828747749328613e-01
4.595193564891815186e-01 4.216879606246948242e-01
4.827563166618347168e-01 3.834146857261657715e-01
4.748463630676269531e-01 3.721141815185546875e-01
4.984236657619476318e-01 4.483264088630676270e-01
5.062998533248901367e-01 4.699440002441406250e-01
5.007542967796325684e-01 4.338701963424682617e-01
5.142895579338073730e-01 4.602602720260620117e-01
4.896487891674041748e-01 4.328004121780395508e-01
4.735423028469085693e-01 3.911703824996948242e-01
4.974989295005798340e-01 4.724870324134826660e-01
4.902725219726562500e-01 4.575652480125427246e-01
4.862091541290283203e-01 4.085081815719604492e-01
4.770362675189971924e-01 3.961889147758483887e-01
4.778371751308441162e-01 3.762331604957580566e-01
5.119610428810119629e-01 4.244840145111083984e-01
4.981095492839813232e-01 3.952395319938659668e-01
4.647816121578216553e-01 3.627443909645080566e-01
4.601267576217651367e-01 3.843860030174255371e-01
4.623076915740966797e-01 4.102112054824829102e-01
4.700945317745208740e-01 3.971552252769470215e-01
4.858846664428710938e-01 5.877018570899963379e-01
4.924406707286834717e-01 5.852271318435668945e-01
4.950112402439117432e-01 6.014454960823059082e-01
4.875389933586120605e-01 5.982794165611267090e-01
4.746092259883880615e-01 5.960847735404968262e-01
4.736278951168060303e-01 6.114438772201538086e-01
4.887252449989318848e-01 6.153160333633422852e-01
4.857056736946105957e-01 6.118711829185485840e-01
4.884661436080932617e-01 6.175191998481750488e-01
4.897687435150146484e-01 6.131547689437866211e-01
4.921581149101257324e-01 6.038787961006164551e-01
4.900447428226470947e-01 6.152824163436889648e-01
5.020625591278076172e-01 5.986849665641784668e-01
5.222725868225097656e-01 5.960534214973449707e-01
5.180020332336425781e-01 5.913228988647460938e-01
5.073456168174743652e-01 5.882473587989807129e-01
4.910822212696075439e-01 5.638823509216308594e-01
4.929370582103729248e-01 5.704218745231628418e-01
4.935192167758941650e-01 5.763003230094909668e-01
4.939557909965515137e-01 5.754187703132629395e-01
4.919425845146179199e-01 5.810006260871887207e-01
4.929646551609039307e-01 5.732546448707580566e-01
4.834494292736053467e-01 5.047243833541870117e-01
4.876587390899658203e-01 5.035855770111083984e-01
4.876308441162109375e-01 4.955199360847473145e-01
5.073527693748474121e-01 5.026063919067382812e-01
4.961698055267333984e-01 4.817223548889160156e-01
4.962430000305175781e-01 4.854282140731811523e-01
4.925732910633087158e-01 4.898003935813903809e-01
5.051743388175964355e-01 4.548336863517761230e-01
4.846041202545166016e-01 4.871025681495666504e-01
4.926422536373138428e-01 4.860611557960510254e-01
4.783626198768615723e-01 2.333879917860031128e-01
4.899317622184753418e-01 2.428574115037918091e-01
4.614404737949371338e-01 2.270262688398361206e-01
4.604589641094207764e-01 2.548820972442626953e-01
5.114952325820922852e-01 2.818749547004699707e-01
5.073847770690917969e-01 2.605604529380798340e-01
5.716583132743835449e-01 3.697997927665710449e-01
5.605591535568237305e-01 4.128767251968383789e-01
5.372067093849182129e-01 4.455348253250122070e-01
5.273084044456481934e-01 4.671043753623962402e-01
5.266771316528320312e-01 4.837492704391479492e-01
5.261679291725158691e-01 4.831120371818542480e-01
5.045236945152282715e-01 6.171595454216003418e-01
4.946407377719879150e-01 6.191481947898864746e-01
5.026177763938903809e-01 6.147310733795166016e-01
5.123500823974609375e-01 6.434341073036193848e-01
5.060592889785766602e-01 6.362564563751220703e-01
5.146000385284423828e-01 6.374793052673339844e-01
5.043845176696777344e-01 6.299815177917480469e-01
5.094516873359680176e-01 6.388233900070190430e-01
5.119045376777648926e-01 6.338834762573242188e-01
5.018731355667114258e-01 6.462231278419494629e-01
5.022253394126892090e-01 6.394186615943908691e-01
5.122085213661193848e-01 6.303677558898925781e-01
5.113819241523742676e-01 6.391179561614990234e-01
5.193833708763122559e-01 6.373822093009948730e-01
5.264832973480224609e-01 6.498994827270507812e-01
5.241817831993103027e-01 6.406461000442504883e-01
5.270779132843017578e-01 6.436229944229125977e-01
5.420014262199401855e-01 6.604705452919006348e-01
5.345387458801269531e-01 6.486014127731323242e-01
5.327360033988952637e-01 6.790879368782043457e-01
4.742573499679565430e-01 6.379702091217041016e-01
4.996467232704162598e-01 5.980994701385498047e-01
4.806336164474487305e-01 4.436318874359130859e-01
4.817317128181457520e-01 4.553918838500976562e-01
4.978451132774353027e-01 4.346364736557006836e-01
4.926062226295471191e-01 4.303129911422729492e-01
5.044445991516113281e-01 4.264633059501647949e-01
5.122010707855224609e-01 4.444402456283569336e-01
5.107722878456115723e-01 4.332916736602783203e-01
5.047967433929443359e-01 4.321913123130798340e-01
4.859016239643096924e-01 4.665195345878601074e-01
4.885331988334655762e-01 4.696967601776123047e-01
4.992979764938354492e-01 4.698589444160461426e-01
5.049618482589721680e-01 4.654983878135681152e-01
5.043389201164245605e-01 4.684780240058898926e-01
5.193926692008972168e-01 4.714754223823547363e-01
5.245034694671630859e-01 4.736459255218505859e-01
5.183029174804687500e-01 4.662500023841857910e-01
5.241649746894836426e-01 4.726190567016601562e-01
5.015574097633361816e-01 4.725238680839538574e-01
4.924749135971069336e-01 4.645778536796569824e-01
5.073075890541076660e-01 4.521013498306274414e-01
5.004172921180725098e-01 4.544827342033386230e-01
4.762528240680694580e-01 4.410341382026672363e-01
4.472751021385192871e-01 3.188877701759338379e-01
4.557868242263793945e-01 3.080567717552185059e-01
4.593603014945983887e-01 2.977636456489562988e-01
4.587851762771606445e-01 3.064548969268798828e-01
4.568725526332855225e-01 3.005834221839904785e-01
4.588692784309387207e-01 3.014305830001831055e-01
4.570620656013488770e-01 3.071935772895812988e-01
4.553075134754180908e-01 3.063370585441589355e-01
4.644613265991210938e-01 3.175027370452880859e-01
4.570402801036834717e-01 3.174754977226257324e-01
4.488706588745117188e-01 3.344119787216186523e-01
4.738033413887023926e-01 3.228068947792053223e-01
4.629991948604583740e-01 3.197620511054992676e-01
4.804388284683227539e-01 3.323019146919250488e-01
5.456174015998840332e-01 3.266931772232055664e-01
5.541199445724487305e-01 3.278414011001586914e-01
5.270898342132568359e-01 3.610957264900207520e-01
5.610730648040771484e-01 3.349037766456604004e-01
5.412706732749938965e-01 3.114720582962036133e-01
5.433335900306701660e-01 3.163045048713684082e-01
5.488088726997375488e-01 3.221914768218994141e-01
5.464066267013549805e-01 3.153975605964660645e-01
4.585858583450317383e-01 6.681485176086425781e-01
4.617565870285034180e-01 6.748416423797607422e-01
4.600045382976531982e-01 6.510099768638610840e-01
4.856590926647186279e-01 7.698569297790527344e-01
4.862678647041320801e-01 7.789233922958374023e-01
4.936648309230804443e-01 7.717269659042358398e-01
4.871011972427368164e-01 7.860804796218872070e-01
4.792419373989105225e-01 7.806207537651062012e-01
4.889107346534729004e-01 7.553666830062866211e-01
4.700651168823242188e-01 7.070271372795104980e-01
4.864978194236755371e-01 7.653415799140930176e-01
4.817517399787902832e-01 7.548625469207763672e-01
4.848746359348297119e-01 7.345205545425415039e-01
4.926114082336425781e-01 7.435731887817382812e-01
4.748914241790771484e-01 7.437241673469543457e-01
4.846678972244262695e-01 7.495000958442687988e-01
4.800226092338562012e-01 7.612586021423339844e-01
4.746469557285308838e-01 7.559019923210144043e-01
4.795653820037841797e-01 7.501904368400573730e-01
4.724971354007720947e-01 7.813757061958312988e-01
4.910617172718048096e-01 7.874224185943603516e-01
4.881035089492797852e-01 7.802835702896118164e-01
5.988543629646301270e-01 6.336293220520019531e-01
5.284527540206909180e-01 6.239917278289794922e-01
5.802457332611083984e-01 6.223597526550292969e-01
5.454527735710144043e-01 6.196845173835754395e-01
5.643236637115478516e-01 6.169893741607666016e-01
5.706726908683776855e-01 6.172518730163574219e-01
5.932497978210449219e-01 6.148688793182373047e-01
5.896130204200744629e-01 6.073486804962158203e-01
6.034275293350219727e-01 6.133921146392822266e-01
6.361609101295471191e-01 6.107370257377624512e-01
6.583604216575622559e-01 6.261540651321411133e-01
6.522133350372314453e-01 6.042045950889587402e-01
6.754953265190124512e-01 6.156994104385375977e-01
6.534045934677124023e-01 6.069121360778808594e-01
6.562873125076293945e-01 6.003469228744506836e-01
6.462433934211730957e-01 5.966808795928955078e-01
6.982164978981018066e-01 5.939520001411437988e-01
6.436671018600463867e-01 5.978023409843444824e-01
7.247995138168334961e-01 5.899605751037597656e-01
6.368088126182556152e-01 6.150969862937927246e-01
6.301355957984924316e-01 6.052172183990478516e-01
6.404562592506408691e-01 6.024161577224731445e-01
6.104250550270080566e-01 4.463050961494445801e-01
5.840135812759399414e-01 4.427061676979064941e-01
6.083216071128845215e-01 4.257923960685729980e-01
6.005989313125610352e-01 4.285271763801574707e-01
5.911371111869812012e-01 4.309313297271728516e-01
5.910462737083435059e-01 4.231132268905639648e-01
5.970703959465026855e-01 4.495118260383605957e-01
6.155892014503479004e-01 4.738343358039855957e-01
5.999705791473388672e-01 4.671251773834228516e-01
6.055339574813842773e-01 4.599444866180419922e-01
5.934965610504150391e-01 4.515521526336669922e-01
5.916851162910461426e-01 4.622031450271606445e-01
5.902946591377258301e-01 4.573013186454772949e-01
5.959407091140747070e-01 3.817192912101745605e-01
5.870775580406188965e-01 4.038946032524108887e-01
5.907760262489318848e-01 4.028146266937255859e-01
6.046138405799865723e-01 4.078226685523986816e-01
6.053395867347717285e-01 4.058767557144165039e-01
5.972372889518737793e-01 4.182927012443542480e-01
5.943812727928161621e-01 4.247087240219116211e-01
6.083267331123352051e-01 4.814445972442626953e-01
6.045230031013488770e-01 4.770620465278625488e-01
4.694848656654357910e-01 6.520057916641235352e-01
5.026910901069641113e-01 6.537421941757202148e-01
5.169608592987060547e-01 6.458245515823364258e-01
5.175316929817199707e-01 6.492375731468200684e-01
5.301209688186645508e-01 6.530659794807434082e-01
4.894057512283325195e-01 6.749521493911743164e-01
4.827099442481994629e-01 6.738520264625549316e-01
4.883974492549896240e-01 6.742498278617858887e-01
4.892125725746154785e-01 6.855010390281677246e-01
4.883559346199035645e-01 6.982581019401550293e-01
4.918880760669708252e-01 7.022959589958190918e-01
4.941459894180297852e-01 6.239900588989257812e-01
5.086317062377929688e-01 6.476336121559143066e-01
5.004791617393493652e-01 6.295329928398132324e-01
4.952942728996276855e-01 6.183928251266479492e-01
4.538486003875732422e-01 6.247379779815673828e-01
4.562142789363861084e-01 6.417199969291687012e-01
4.628286957740783691e-01 6.493468880653381348e-01
4.578317403793334961e-01 6.378926634788513184e-01
4.054863750934600830e-01 7.010426521301269531e-01
3.887723088264465332e-01 7.096576690673828125e-01
4.123167991638183594e-01 7.015731930732727051e-01
6.067100167274475098e-01 2.082746177911758423e-01
6.040615439414978027e-01 2.217724770307540894e-01
6.064918637275695801e-01 2.111015170812606812e-01
6.281753778457641602e-01 1.724906414747238159e-01
6.284220814704895020e-01 1.900877207517623901e-01
6.147927641868591309e-01 2.029328793287277222e-01
6.218833327293395996e-01 1.979268640279769897e-01
6.283839344978332520e-01 2.093329876661300659e-01
6.145552992820739746e-01 2.020984739065170288e-01
6.266866922378540039e-01 2.108533233404159546e-01
6.278889775276184082e-01 2.028023451566696167e-01
6.309486627578735352e-01 2.067956775426864624e-01
6.298245191574096680e-01 2.133055180311203003e-01
6.301720142364501953e-01 2.036352604627609253e-01
6.291260123252868652e-01 2.088996618986129761e-01
6.104295849800109863e-01 2.144534438848495483e-01
6.304821372032165527e-01 2.041939049959182739e-01
6.028156280517578125e-01 2.224050015211105347e-01
6.021286249160766602e-01 2.106734961271286011e-01
6.355213522911071777e-01 2.075727730989456177e-01
6.412286758422851562e-01 2.079166024923324585e-01
6.318202614784240723e-01 2.122614532709121704e-01
5.307284593582153320e-01 6.927412152290344238e-01
5.269387960433959961e-01 6.767989397048950195e-01
5.276131033897399902e-01 6.682967543601989746e-01
5.336270332336425781e-01 6.709870696067810059e-01
5.356160402297973633e-01 7.074192762374877930e-01
5.292193889617919922e-01 7.090741991996765137e-01
5.370610356330871582e-01 7.129585146903991699e-01
5.335218906402587891e-01 7.072789072990417480e-01
5.373470187187194824e-01 7.127154469490051270e-01
5.364518761634826660e-01 6.917909979820251465e-01
5.415343046188354492e-01 7.030089497566223145e-01
5.387204289436340332e-01 6.955720782279968262e-01
5.518414378166198730e-01 7.179643511772155762e-01
5.584804415702819824e-01 7.277125120162963867e-01
5.515096783638000488e-01 7.262224555015563965e-01
5.470303893089294434e-01 7.158260345458984375e-01
5.496357083320617676e-01 7.301030755043029785e-01
5.377973914146423340e-01 7.219851016998291016e-01
5.378544926643371582e-01 7.223932743072509766e-01
5.448969602584838867e-01 7.148811221122741699e-01
5.531754493713378906e-01 7.076812386512756348e-01
5.448265671730041504e-01 7.096570134162902832e-01
4.479892253875732422e-01 4.055494666099548340e-01
4.737889468669891357e-01 3.904681801795959473e-01
4.823409616947174072e-01 4.075592160224914551e-01
4.753760695457458496e-01 3.992139101028442383e-01
4.805446565151214600e-01 4.005874991416931152e-01
4.782107472419738770e-01 4.049699902534484863e-01
4.737175703048706055e-01 3.973193168640136719e-01
4.686778485774993896e-01 4.058012962341308594e-01
4.695143401622772217e-01 3.853749036788940430e-01
4.785051941871643066e-01 3.891233205795288086e-01
4.434347152709960938e-01 4.004192948341369629e-01
4.581224322319030762e-01 3.965911865234375000e-01
4.403793215751647949e-01 3.910548090934753418e-01
4.232208728790283203e-01 4.169423580169677734e-01
4.298216402530670166e-01 4.176878333091735840e-01
4.276913106441497803e-01 4.176357388496398926e-01
4.675957262516021729e-01 3.871038556098937988e-01
4.335495233535766602e-01 4.173550605773925781e-01
4.366323351860046387e-01 4.116017222404479980e-01
4.473961591720581055e-01 3.968151807785034180e-01
4.421199858188629150e-01 4.132331609725952148e-01
4.465480148792266846e-01 4.078282117843627930e-01
4.383198618888854980e-01 6.968729496002197266e-01
4.418031573295593262e-01 7.023290395736694336e-01
4.499782025814056396e-01 6.996068358421325684e-01
4.429594278335571289e-01 6.933000087738037109e-01
4.525907635688781738e-01 6.857495307922363281e-01
4.462440013885498047e-01 7.005128860473632812e-01
4.752340614795684814e-01 6.906471252441406250e-01
4.631462693214416504e-01 7.080799937248229980e-01
4.701248407363891602e-01 6.862339377403259277e-01
4.712420105934143066e-01 6.812952756881713867e-01
4.768871963024139404e-01 6.677925586700439453e-01
4.808200597763061523e-01 7.026323676109313965e-01
4.803068339824676514e-01 6.992330551147460938e-01
4.720566570758819580e-01 7.024031281471252441e-01
4.823081195354461670e-01 7.000436186790466309e-01
4.794506728649139404e-01 6.773757934570312500e-01
4.930943548679351807e-01 7.374911904335021973e-01
4.851436316967010498e-01 7.231878638267517090e-01
4.919875562191009521e-01 7.135096192359924316e-01
4.855611026287078857e-01 7.008928656578063965e-01
4.912741780281066895e-01 7.103596329689025879e-01
4.760268032550811768e-01 7.205820679664611816e-01
5.004583001136779785e-01 2.935191988945007324e-01
4.975111186504364014e-01 3.086680173873901367e-01
4.945419430732727051e-01 2.878431677818298340e-01
4.920684993267059326e-01 2.939693331718444824e-01
6.149657964706420898e-01 3.280868530273437500e-01
5.141831636428833008e-01 2.840151190757751465e-01
6.076091527938842773e-01 3.317787647247314453e-01
6.119844913482666016e-01 3.245637416839599609e-01
6.052666306495666504e-01 3.319875001907348633e-01
6.158331632614135742e-01 3.338332176208496094e-01
6.006389260292053223e-01 3.345493674278259277e-01
6.073464751243591309e-01 3.326767086982727051e-01
5.183130502700805664e-01 3.041800856590270996e-01
5.598275065422058105e-01 3.146160244941711426e-01
5.509153008460998535e-01 3.115476965904235840e-01
5.551309585571289062e-01 3.070034980773925781e-01
5.697805881500244141e-01 3.180177807807922363e-01
5.644083023071289062e-01 3.209347128868103027e-01
5.700113773345947266e-01 3.132866024971008301e-01
5.652422308921813965e-01 3.196060657501220703e-01
5.497112274169921875e-01 3.121882081031799316e-01
5.181382298469543457e-01 2.965583801269531250e-01
3.374882638454437256e-01 8.365353941917419434e-01
3.242776393890380859e-01 8.285018801689147949e-01
2.824513912200927734e-01 8.775354623794555664e-01
2.839527726173400879e-01 8.940733671188354492e-01
2.768332064151763916e-01 8.813974261283874512e-01
2.789672017097473145e-01 8.755911588668823242e-01
2.881413400173187256e-01 8.697803020477294922e-01
2.815168499946594238e-01 8.870685100555419922e-01
3.142615258693695068e-01 8.521712422370910645e-01
3.120760619640350342e-01 8.502467870712280273e-01
3.237673044204711914e-01 8.326193690299987793e-01
3.293044269084930420e-01 8.278816342353820801e-01
3.201629817485809326e-01 8.399256467819213867e-01
3.190650939941406250e-01 8.703731298446655273e-01
3.143145143985748291e-01 8.491706848144531250e-01
3.149377107620239258e-01 8.667542338371276855e-01
3.276298344135284424e-01 8.762858510017395020e-01
3.154639303684234619e-01 8.503903150558471680e-01
3.337556719779968262e-01 8.591624498367309570e-01
3.320857584476470947e-01 8.552783131599426270e-01
3.344412744045257568e-01 8.493496775627136230e-01
3.299748599529266357e-01 8.544906377792358398e-01
5.112210512161254883e-01 2.815022468566894531e-01
4.943163692951202393e-01 2.941088080406188965e-01
5.136321783065795898e-01 2.843593358993530273e-01
5.159061551094055176e-01 2.871303558349609375e-01
5.325483083724975586e-01 2.786420583724975586e-01
5.348563790321350098e-01 2.786934375762939453e-01
5.279527306556701660e-01 2.685364484786987305e-01
5.369116067886352539e-01 2.727550268173217773e-01
5.626941919326782227e-01 3.094293475151062012e-01
5.652327537536621094e-01 2.936882376670837402e-01
5.751381516456604004e-01 2.648027539253234863e-01
5.522618293762207031e-01 4.664508104324340820e-01
5.477042794227600098e-01 4.557538032531738281e-01
5.501365065574645996e-01 4.817247390747070312e-01
5.520700216293334961e-01 4.574570059776306152e-01
5.528429150581359863e-01 4.610168933868408203e-01
5.346950292587280273e-01 4.422411322593688965e-01
5.397287011146545410e-01 4.286624789237976074e-01
5.091054439544677734e-01 3.625026345252990723e-01
5.036615729331970215e-01 3.576838970184326172e-01
5.054444074630737305e-01 3.118051290512084961e-01
5.353768467903137207e-01 3.838025927543640137e-01
