4.722099900245666504e-01 5.546600222587585449e-01
4.795799851417541504e-01 5.531600117683410645e-01
4.958299994468688965e-01 5.777599811553955078e-01
5.079600214958190918e-01 5.898900032043457031e-01
5.043200254440307617e-01 5.860499739646911621e-01
5.039499998092651367e-01 5.888199806213378906e-01
5.111100077629089355e-01 5.898600220680236816e-01
5.170800089836120605e-01 5.938900113105773926e-01
5.322099924087524414e-01 6.117100119590759277e-01
5.263699889183044434e-01 5.979599952697753906e-01
4.497700035572052002e-01 4.783099889755249023e-01
4.513700008392333984e-01 4.736199975013732910e-01
4.524100124835968018e-01 4.737100005149841309e-01
4.423800110816955566e-01 4.736000001430511475e-01
4.421299993991851807e-01 4.713099896907806396e-01
4.526599943637847900e-01 4.745399951934814453e-01
4.630700051784515381e-01 5.585899949073791504e-01
4.736999869346618652e-01 6.059799790382385254e-01
4.505000114440917969e-01 5.056399703025817871e-01
4.551399946212768555e-01 5.186700224876403809e-01
4.398500025272369385e-01 5.040199756622314453e-01
4.646300077438354492e-01 5.302600264549255371e-01
5.273500084877014160e-01 4.036999940872192383e-01
5.246899724006652832e-01 3.939200043678283691e-01
5.306400060653686523e-01 3.673999905586242676e-01
5.295900106430053711e-01 3.422900140285491943e-01
5.301300287246704102e-01 3.472000062465667725e-01
5.324299931526184082e-01 3.571299910545349121e-01
5.345000028610229492e-01 3.657299876213073730e-01
5.348799824714660645e-01 3.715299963951110840e-01
4.359300136566162109e-01 4.166100025177001953e-01
3.833700120449066162e-01 2.747200131416320801e-01
3.838199973106384277e-01 2.755799889564514160e-01
3.855899870395660400e-01 2.471899986267089844e-01
3.917999863624572754e-01 2.249200046062469482e-01
4.325500130653381348e-01 4.197199940681457520e-01
4.324800074100494385e-01 4.208199977874755859e-01
4.319399893283843994e-01 4.200699925422668457e-01
4.323099851608276367e-01 4.213800132274627686e-01
4.329699873924255371e-01 4.223800003528594971e-01
4.326199889183044434e-01 4.246000051498413086e-01
4.331800043582916260e-01 4.280599951744079590e-01
4.331400096416473389e-01 4.289999902248382568e-01
4.330799877643585205e-01 4.312700033187866211e-01
4.531799852848052979e-01 5.238999724388122559e-01
4.624699950218200684e-01 5.229600071907043457e-01
4.675799906253814697e-01 5.148599743843078613e-01
4.666000008583068848e-01 5.043699741363525391e-01
4.276599884033203125e-01 4.175499975681304932e-01
4.246999919414520264e-01 4.374899864196777344e-01
4.251700043678283691e-01 4.353600144386291504e-01
4.279499948024749756e-01 4.166199862957000732e-01
4.639300107955932617e-01 4.248600006103515625e-01
4.642300009727478027e-01 4.236299991607666016e-01
4.631800055503845215e-01 4.253099858760833740e-01
4.629999995231628418e-01 4.245600104331970215e-01
4.656800031661987305e-01 4.230099916458129883e-01
5.020999908447265625e-01 4.257499873638153076e-01
5.040100216865539551e-01 4.220100045204162598e-01
5.037000179290771484e-01 4.247699975967407227e-01
3.859600126743316650e-01 5.444899797439575195e-01
4.356899857521057129e-01 4.875800013542175293e-01
4.072700142860412598e-01 5.050899982452392578e-01
4.232900142669677734e-01 4.882299900054931641e-01
4.246200025081634521e-01 4.772199988365173340e-01
4.190900027751922607e-01 4.810900092124938965e-01
4.476299881935119629e-01 9.775699973106384277e-01
4.475100040435791016e-01 9.787799715995788574e-01
4.472700059413909912e-01 9.778699874877929688e-01
4.446600079536437988e-01 9.725999832153320312e-01
4.451099932193756104e-01 9.735299944877624512e-01
4.474700093269348145e-01 9.809899926185607910e-01
4.462699890136718750e-01 9.815000295639038086e-01
4.631299972534179688e-01 9.563699960708618164e-01
4.629099965095520020e-01 9.575399756431579590e-01
4.628700017929077148e-01 9.579600095748901367e-01
4.629299938678741455e-01 9.577500224113464355e-01
4.629999995231628418e-01 9.570599794387817383e-01
4.510999917984008789e-01 9.545500278472900391e-01
4.506500065326690674e-01 9.569200277328491211e-01
4.469499886035919189e-01 9.520099759101867676e-01
4.468199908733367920e-01 9.542099833488464355e-01
4.469099938869476318e-01 9.560999870300292969e-01
4.468899965286254883e-01 9.647200107574462891e-01
4.465500116348266602e-01 9.619600176811218262e-01
4.462400078773498535e-01 9.588199853897094727e-01
4.460699856281280518e-01 9.568600058555603027e-01
4.460400044918060303e-01 9.569000005722045898e-01
5.999199748039245605e-01 4.834299981594085693e-01
5.960800051689147949e-01 4.875699877738952637e-01
5.932300090789794922e-01 5.324599742889404297e-01
5.943199992179870605e-01 4.844999909400939941e-01
5.944300293922424316e-01 4.935100078582763672e-01
5.955600142478942871e-01 4.858599901199340820e-01
5.867300033569335938e-01 5.280200242996215820e-01
5.904099941253662109e-01 4.809100031852722168e-01
5.939700007438659668e-01 4.753800034523010254e-01
5.658699870109558105e-01 4.972299933433532715e-01
5.711799860000610352e-01 4.362600147724151611e-01
5.743100047111511230e-01 4.397799968719482422e-01
5.726600289344787598e-01 4.358400106430053711e-01
5.685200095176696777e-01 4.424299895763397217e-01
5.676100254058837891e-01 4.416700005531311035e-01
5.659000277519226074e-01 4.468800127506256104e-01
5.698000192642211914e-01 4.483700096607208252e-01
5.688099861145019531e-01 4.473200142383575439e-01
5.633599758148193359e-01 4.155699908733367920e-01
5.822600126266479492e-01 4.689100086688995361e-01
5.820699930191040039e-01 4.290199875831604004e-01
5.762199759483337402e-01 4.091199934482574463e-01
5.831900238990783691e-01 8.738700151443481445e-01
5.871300101280212402e-01 8.738700151443481445e-01
5.894500017166137695e-01 8.738700151443481445e-01
4.171099960803985596e-01 8.738700151443481445e-01
4.185799956321716309e-01 8.738700151443481445e-01
4.227699935436248779e-01 8.738700151443481445e-01
4.420099854469299316e-01 8.738700151443481445e-01
4.544399976730346680e-01 8.738700151443481445e-01
4.026199877262115479e-01 9.410200119018554688e-01
4.073899984359741211e-01 9.457899928092956543e-01
4.104200005531311035e-01 9.478200078010559082e-01
4.086700081825256348e-01 9.493200182914733887e-01
4.016500115394592285e-01 9.508000016212463379e-01
4.041599929332733154e-01 9.496300220489501953e-01
5.073099732398986816e-01 9.544299840927124023e-01
4.985199868679046631e-01 9.668800234794616699e-01
5.282700061798095703e-01 1.038499951362609863e+00
5.313500165939331055e-01 1.032400012016296387e+00
5.291299819946289062e-01 1.034199953079223633e+00
5.161700248718261719e-01 1.037999987602233887e+00
4.841899871826171875e-01 1.033200025558471680e+00
4.822500050067901611e-01 1.034000039100646973e+00
4.726099967956542969e-01 3.978599905967712402e-01
4.720099866390228271e-01 3.998999893665313721e-01
4.715900123119354248e-01 3.977200090885162354e-01
4.444200098514556885e-01 5.203099846839904785e-01
4.461500048637390137e-01 5.242800116539001465e-01
4.462699890136718750e-01 5.295799970626831055e-01
4.703899919986724854e-01 5.471799969673156738e-01
4.779199957847595215e-01 5.987899899482727051e-01
4.816200137138366699e-01 5.218600034713745117e-01
4.805699884891510010e-01 5.180299878120422363e-01
4.352599978446960449e-01 5.977399945259094238e-01
4.345999956130981445e-01 5.898900032043457031e-01
4.337100088596343994e-01 5.810199975967407227e-01
5.629500150680541992e-01 3.209500014781951904e-01
5.482500195503234863e-01 3.318699896335601807e-01
4.953500032424926758e-01 3.351500034332275391e-01
4.754900038242340088e-01 3.463000059127807617e-01
4.736900031566619873e-01 3.499299883842468262e-01
4.743100106716156006e-01 3.539099991321563721e-01
4.751200079917907715e-01 3.636299967765808105e-01
4.727399945259094238e-01 3.707900047302246094e-01
4.712400138378143311e-01 3.714599907398223877e-01
5.515499711036682129e-01 3.861699998378753662e-01
5.519000291824340820e-01 3.879899978637695312e-01
5.386800169944763184e-01 3.456700146198272705e-01
4.951300024986267090e-01 3.093500137329101562e-01
4.454399943351745605e-01 3.135499954223632812e-01
4.386399984359741211e-01 3.204300105571746826e-01
4.403699934482574463e-01 3.176299929618835449e-01
4.363699853420257568e-01 3.168100118637084961e-01
4.334299862384796143e-01 3.250800073146820068e-01
4.397499859333038330e-01 3.426299989223480225e-01
4.415299892425537109e-01 3.445500135421752930e-01
4.430499970912933350e-01 3.477599918842315674e-01
4.519900083541870117e-01 3.525899946689605713e-01
4.851500093936920166e-01 3.574700057506561279e-01
5.163900256156921387e-01 3.629899919033050537e-01
5.207599997520446777e-01 4.068700075149536133e-01
5.243499875068664551e-01 4.104799926280975342e-01
5.258200168609619141e-01 4.116599857807159424e-01
5.397999882698059082e-01 3.672200143337249756e-01
5.468699932098388672e-01 3.479200005531311035e-01
5.473799705505371094e-01 3.485000133514404297e-01
5.477399826049804688e-01 3.496600091457366943e-01
5.228499770164489746e-01 3.130899965763092041e-01
5.229399800300598145e-01 3.110300004482269287e-01
5.196400284767150879e-01 3.144800066947937012e-01
5.216400027275085449e-01 3.120099902153015137e-01
5.187500119209289551e-01 3.102900087833404541e-01
5.047199726104736328e-01 3.079499900341033936e-01
4.419000148773193359e-01 2.904100120067596436e-01
4.331800043582916260e-01 2.821699976921081543e-01
4.298599958419799805e-01 2.913100123405456543e-01
4.596500098705291748e-01 2.859799861907958984e-01
5.372999906539916992e-01 2.697499990463256836e-01
5.079100131988525391e-01 3.210099935531616211e-01
5.055900216102600098e-01 3.190000057220458984e-01
5.031399726867675781e-01 3.114700019359588623e-01
4.987199902534484863e-01 3.006100058555603027e-01
4.914700090885162354e-01 2.924900054931640625e-01
4.918600022792816162e-01 2.958100140094757080e-01
4.958299994468688965e-01 2.907699942588806152e-01
5.744299888610839844e-01 3.336800038814544678e-01
5.078499913215637207e-01 2.770999968051910400e-01
4.920899868011474609e-01 3.305400013923645020e-01
4.805600047111511230e-01 3.195700049400329590e-01
5.838999748229980469e-01 3.481400012969970703e-01
5.821099877357482910e-01 3.522999882698059082e-01
5.818799734115600586e-01 3.516600131988525391e-01
5.824199914932250977e-01 3.527300059795379639e-01
5.747200250625610352e-01 3.500300049781799316e-01
5.632600188255310059e-01 3.734599947929382324e-01
5.627099871635437012e-01 3.727599978446960449e-01
4.803499877452850342e-01 4.414100050926208496e-01
4.810500144958496094e-01 4.405600130558013916e-01
4.717200100421905518e-01 4.454199969768524170e-01
4.679900109767913818e-01 4.492299854755401611e-01
4.691100120544433594e-01 4.517199993133544922e-01
5.081200003623962402e-01 4.310500025749206543e-01
5.077499747276306152e-01 4.294799864292144775e-01
5.078099966049194336e-01 4.294199943542480469e-01
5.077800154685974121e-01 4.273999929428100586e-01
5.071600079536437988e-01 4.299800097942352295e-01
5.189300179481506348e-01 4.269100129604339600e-01
5.336599946022033691e-01 4.015699923038482666e-01
5.331699848175048828e-01 4.007900059223175049e-01
5.328199863433837891e-01 4.011900126934051514e-01
5.344300270080566406e-01 4.014700055122375488e-01
5.005699992179870605e-01 4.609999954700469971e-01
4.356999993324279785e-01 3.839499950408935547e-01
4.842799901962280273e-01 3.676899969577789307e-01
4.825600087642669678e-01 3.691799938678741455e-01
4.826599955558776855e-01 3.702799975872039795e-01
4.849199950695037842e-01 3.713600039482116699e-01
4.719400107860565186e-01 3.729499876499176025e-01
4.608899950981140137e-01 3.740099966526031494e-01
4.609499871730804443e-01 3.761000037193298340e-01
5.401600003242492676e-01 3.607699871063232422e-01
5.352900028228759766e-01 3.751800060272216797e-01
5.340300202369689941e-01 3.766799867153167725e-01
5.364500284194946289e-01 3.750000000000000000e-01
5.567899942398071289e-01 3.748700022697448730e-01
5.186499953269958496e-01 4.844999909400939941e-01
5.175200104713439941e-01 4.843499958515167236e-01
5.210899710655212402e-01 4.870699942111968994e-01
5.165299773216247559e-01 4.821600019931793213e-01
5.187299847602844238e-01 4.840399920940399170e-01
5.857099890708923340e-01 7.746899724006652832e-01
5.823199748992919922e-01 7.776499986648559570e-01
5.816000103950500488e-01 7.776399850845336914e-01
5.040100216865539551e-01 4.983200132846832275e-01
5.138000249862670898e-01 4.961200058460235596e-01
5.215299725532531738e-01 4.871299862861633301e-01
5.210499763488769531e-01 4.899100065231323242e-01
5.218399763107299805e-01 4.885199964046478271e-01
5.213699936866760254e-01 4.902899861335754395e-01
5.206900238990783691e-01 4.908100068569183350e-01
4.677200019359588623e-01 4.946300089359283447e-01
4.684099853038787842e-01 4.963999986648559570e-01
4.679600000381469727e-01 4.984399974346160889e-01
4.704200029373168945e-01 5.006499886512756348e-01
4.702700078487396240e-01 5.081700086593627930e-01
4.705100059509277344e-01 5.081499814987182617e-01
4.707500040531158447e-01 5.107200145721435547e-01
4.707799851894378662e-01 5.109500288963317871e-01
4.708800017833709717e-01 5.091300010681152344e-01
4.717200100421905518e-01 5.115500092506408691e-01
5.014399886131286621e-01 4.635599851608276367e-01
5.016800165176391602e-01 4.895200133323669434e-01
5.047199726104736328e-01 4.986599981784820557e-01
5.041199922561645508e-01 4.976699948310852051e-01
5.047399997711181641e-01 4.974200129508972168e-01
5.880699753761291504e-01 3.982400000095367432e-01
5.883700251579284668e-01 3.944900035858154297e-01
5.909299850463867188e-01 4.155600070953369141e-01
6.042400002479553223e-01 4.269999861717224121e-01
6.026300191879272461e-01 4.248200058937072754e-01
5.956400036811828613e-01 4.005999863147735596e-01
5.998700261116027832e-01 4.199599921703338623e-01
6.004199981689453125e-01 4.192500114440917969e-01
5.997200012207031250e-01 4.211800098419189453e-01
6.013500094413757324e-01 4.227400124073028564e-01
5.992000102996826172e-01 4.213100075721740723e-01
6.047599911689758301e-01 4.183500111103057861e-01
6.147599816322326660e-01 4.188799858093261719e-01
6.139900088310241699e-01 4.244999885559082031e-01
6.130999922752380371e-01 4.155499935150146484e-01
6.151599884033203125e-01 4.232200086116790771e-01
6.092900037765502930e-01 4.578000009059906006e-01
6.219999790191650391e-01 4.182299971580505371e-01
6.191800236701965332e-01 4.128200113773345947e-01
6.204400062561035156e-01 4.193199872970581055e-01
6.190000176429748535e-01 4.157400131225585938e-01
6.190999746322631836e-01 4.214900135993957520e-01
4.705800116062164307e-01 9.873700141906738281e-01
1.749999970197677612e-01 7.780500054359436035e-01
1.736299991607666016e-01 7.756299972534179688e-01
1.726599931716918945e-01 7.735000252723693848e-01
1.726199984550476074e-01 7.733399868011474609e-01
1.740300059318542480e-01 7.767599821090698242e-01
1.774500012397766113e-01 7.838100194931030273e-01
6.189000010490417480e-01 1.021499991416931152e+00
5.935099720954895020e-01 1.011100053787231445e+00
5.848900079727172852e-01 1.008299946784973145e+00
5.889800190925598145e-01 1.010499954223632812e+00
6.005300283432006836e-01 1.014400005340576172e+00
6.129699945449829102e-01 1.017400026321411133e+00
4.772199988365173340e-01 9.759600162506103516e-01
4.768700003623962402e-01 9.788200259208679199e-01
4.778600037097930908e-01 9.818500280380249023e-01
4.799000024795532227e-01 9.836699962615966797e-01
4.806999862194061279e-01 9.838399887084960938e-01
4.774999916553497314e-01 9.821000099182128906e-01
4.687899947166442871e-01 9.784700274467468262e-01
4.617300033569335938e-01 9.749000072479248047e-01
4.672200083732604980e-01 9.741799831390380859e-01
5.727400183677673340e-01 6.061800122261047363e-01
5.726600289344787598e-01 6.078600287437438965e-01
5.724099874496459961e-01 6.067100167274475098e-01
4.914000034332275391e-01 6.096699833869934082e-01
4.913800060749053955e-01 6.093299984931945801e-01
4.914099872112274170e-01 6.095799803733825684e-01
4.908199906349182129e-01 6.084700226783752441e-01
4.910100102424621582e-01 6.081600189208984375e-01
4.909699857234954834e-01 6.106699705123901367e-01
4.917599856853485107e-01 6.094599962234497070e-01
5.724599957466125488e-01 6.069099903106689453e-01
5.724099874496459961e-01 6.072499752044677734e-01
5.722200274467468262e-01 6.077200174331665039e-01
5.224599838256835938e-01 6.061699986457824707e-01
5.226500034332275391e-01 6.045200228691101074e-01
5.225700139999389648e-01 6.044800281524658203e-01
4.131000041961669922e-01 6.222400069236755371e-01
4.142299890518188477e-01 6.229000091552734375e-01
4.142599999904632568e-01 6.219499707221984863e-01
4.149599969387054443e-01 6.226000189781188965e-01
3.966299891471862793e-01 6.241899728775024414e-01
3.970400094985961914e-01 6.235899925231933594e-01
7.113599777221679688e-01 8.779000043869018555e-01
7.102900147438049316e-01 8.773900270462036133e-01
6.973500251770019531e-01 8.700500130653381348e-01
6.875100135803222656e-01 8.656299710273742676e-01
6.856799721717834473e-01 8.668199777603149414e-01
6.879500150680541992e-01 8.701800107955932617e-01
6.901800036430358887e-01 8.721100091934204102e-01
6.900900006294250488e-01 8.710899949073791504e-01
6.884499788284301758e-01 8.689699769020080566e-01
6.862900257110595703e-01 8.678699731826782227e-01
5.867400169372558594e-01 8.220900297164916992e-01
5.885400176048278809e-01 8.218500018119812012e-01
5.869500041007995605e-01 8.230699896812438965e-01
5.859400033950805664e-01 8.233900070190429688e-01
5.694100260734558105e-01 8.218500018119812012e-01
5.689700245857238770e-01 8.219699859619140625e-01
5.686399936676025391e-01 8.217899799346923828e-01
5.683400034904479980e-01 8.213800191879272461e-01
5.680000185966491699e-01 8.208299875259399414e-01
5.676900148391723633e-01 8.202800154685974121e-01
5.719400048255920410e-01 8.321999907493591309e-01
5.716400146484375000e-01 8.302099704742431641e-01
4.389699995517730713e-01 7.184600234031677246e-01
4.454399943351745605e-01 7.207400202751159668e-01
4.492299854755401611e-01 7.235000133514404297e-01
6.388599872589111328e-01 7.129099965095520020e-01
5.543400049209594727e-01 6.001999974250793457e-01
6.386899948120117188e-01 7.097300291061401367e-01
5.153200030326843262e-01 6.419399976730346680e-01
5.410799980163574219e-01 6.028599739074707031e-01
4.775800108909606934e-01 7.412099838256835938e-01
4.783599972724914551e-01 7.496899962425231934e-01
4.336499869823455811e-01 7.465800046920776367e-01
4.346500039100646973e-01 7.528399825096130371e-01
4.365099966526031494e-01 7.534300088882446289e-01
5.146700143814086914e-01 6.620000004768371582e-01
5.141900181770324707e-01 6.633499860763549805e-01
5.127800107002258301e-01 6.606900095939636230e-01
5.130900144577026367e-01 6.626899838447570801e-01
5.133399963378906250e-01 6.636000275611877441e-01
5.124099850654602051e-01 6.621699929237365723e-01
6.423199772834777832e-01 7.219499945640563965e-01
6.418300271034240723e-01 7.172399759292602539e-01
6.397100090980529785e-01 7.161899805068969727e-01
5.243099927902221680e-01 6.266099810600280762e-01
5.137900114059448242e-01 6.476600170135498047e-01
4.789499938488006592e-01 6.328200101852416992e-01
4.060699939727783203e-01 6.048700213432312012e-01
3.932400047779083252e-01 5.983600020408630371e-01
3.945100009441375732e-01 6.014999747276306152e-01
4.387100040912628174e-01 6.112599968910217285e-01
4.397799968719482422e-01 6.129099726676940918e-01
4.411599934101104736e-01 6.154500246047973633e-01
4.411000013351440430e-01 6.185200214385986328e-01
4.416500031948089600e-01 6.217399835586547852e-01
4.276300072669982910e-01 6.143299937248229980e-01
3.651500046253204346e-01 5.671600103378295898e-01
3.678900003433227539e-01 5.753099918365478516e-01
3.804900050163269043e-01 7.152500152587890625e-01
3.862499892711639404e-01 7.145000100135803223e-01
4.014999866485595703e-01 7.175899744033813477e-01
4.036299884319305420e-01 7.176600098609924316e-01
4.032799899578094482e-01 7.168800234794616699e-01
4.052399992942810059e-01 7.207000255584716797e-01
4.027599990367889404e-01 7.162500023841857910e-01
7.030299901962280273e-01 5.574200153350830078e-01
7.196099758148193359e-01 4.901399910449981689e-01
7.227500081062316895e-01 4.921000003814697266e-01
7.244499921798706055e-01 4.924699962139129639e-01
7.224900126457214355e-01 4.895499944686889648e-01
2.449000030755996704e-01 3.098399937152862549e-01
2.460000067949295044e-01 3.121699988842010498e-01
7.237300276756286621e-01 4.821999967098236084e-01
4.146000146865844727e-01 3.977999985218048096e-01
3.483600020408630371e-01 3.516899943351745605e-01
3.473100066184997559e-01 3.530699908733367920e-01
3.571400046348571777e-01 3.615599870681762695e-01
4.011200070381164551e-01 3.813500106334686279e-01
4.043700098991394043e-01 3.802199959754943848e-01
4.108699858188629150e-01 3.959000110626220703e-01
4.092299938201904297e-01 3.829700052738189697e-01
3.962700068950653076e-01 3.734500110149383545e-01
3.926300108432769775e-01 3.669500052928924561e-01
4.329999983310699463e-01 3.930799961090087891e-01
4.723300039768218994e-01 3.974100053310394287e-01
4.748800098896026611e-01 4.024299979209899902e-01
4.832200109958648682e-01 4.103299975395202637e-01
4.747799932956695557e-01 4.044300019741058350e-01
5.202100276947021484e-01 7.119899988174438477e-01
5.018399953842163086e-01 7.485399842262268066e-01
5.037400126457214355e-01 7.449300289154052734e-01
5.044199824333190918e-01 7.446500062942504883e-01
5.054799914360046387e-01 7.437599897384643555e-01
5.066400170326232910e-01 7.448999881744384766e-01
5.071300268173217773e-01 7.472900152206420898e-01
5.075500011444091797e-01 7.511799931526184082e-01
5.071899890899658203e-01 7.549099922180175781e-01
5.072600245475769043e-01 7.589899897575378418e-01
5.085399746894836426e-01 7.626900076866149902e-01
5.093899965286254883e-01 7.652500271797180176e-01
5.031499862670898438e-01 6.994600296020507812e-01
5.079799890518188477e-01 6.941000223159790039e-01
5.094900131225585938e-01 6.921200156211853027e-01
5.197700262069702148e-01 6.713899970054626465e-01
5.210599899291992188e-01 6.713100075721740723e-01
5.220699906349182129e-01 6.714800000190734863e-01
5.221199989318847656e-01 6.728600263595581055e-01
5.225899815559387207e-01 6.744199991226196289e-01
5.247799754142761230e-01 6.746699810028076172e-01
5.257099866867065430e-01 6.761000156402587891e-01
5.453400015830993652e-01 4.203999936580657959e-01
5.460000038146972656e-01 4.232699871063232422e-01
5.451499819755554199e-01 4.280300140380859375e-01
5.429000258445739746e-01 4.338099956512451172e-01
4.366799890995025635e-01 4.682599902153015137e-01
4.348799884319305420e-01 4.634299874305725098e-01
4.389599859714508057e-01 4.638000130653381348e-01
4.638699889183044434e-01 4.559699892997741699e-01
4.643200039863586426e-01 4.560900032520294189e-01
4.591900110244750977e-01 4.502899944782257080e-01
4.569399952888488770e-01 4.493499994277954102e-01
4.568899869918823242e-01 4.525400102138519287e-01
4.587100148200988770e-01 4.598099887371063232e-01
4.634700119495391846e-01 4.618099927902221680e-01
4.876100122928619385e-01 4.530000090599060059e-01
5.005199909210205078e-01 4.427599906921386719e-01
5.174499750137329102e-01 3.768199980258941650e-01
5.207399725914001465e-01 4.281899929046630859e-01
5.166500210762023926e-01 4.313600063323974609e-01
5.141000151634216309e-01 4.363999962806701660e-01
5.116299986839294434e-01 4.392400085926055908e-01
5.103700160980224609e-01 4.423500001430511475e-01
5.895199775695800781e-01 2.925600111484527588e-01
5.875499844551086426e-01 3.000899851322174072e-01
6.498500108718872070e-01 2.929500043392181396e-01
6.487600207328796387e-01 2.919000089168548584e-01
5.572100281715393066e-01 2.687500119209289551e-01
5.562800168991088867e-01 2.707499861717224121e-01
5.555700063705444336e-01 2.712100148200988770e-01
5.555400252342224121e-01 2.720699906349182129e-01
5.550299882888793945e-01 2.765499949455261230e-01
5.532100200653076172e-01 2.717899978160858154e-01
5.168600082397460938e-01 2.436600029468536377e-01
5.294700264930725098e-01 2.466499954462051392e-01
5.366100072860717773e-01 2.533800005912780762e-01
5.382300019264221191e-01 2.741400003433227539e-01
5.387799739837646484e-01 2.742699980735778809e-01
5.400999784469604492e-01 2.738499939441680908e-01
5.624099969863891602e-01 2.732400000095367432e-01
5.575699806213378906e-01 2.457900047302246094e-01
5.563300251960754395e-01 2.382400035858154297e-01
5.620099902153015137e-01 2.680400013923645020e-01
5.631999969482421875e-01 2.720899879932403564e-01
5.617100000381469727e-01 2.700499892234802246e-01
5.124099850654602051e-01 5.312899947166442871e-01
4.538899958133697510e-01 4.685100018978118896e-01
4.329699873924255371e-01 4.695500135421752930e-01
4.320999979972839355e-01 4.720000028610229492e-01
4.325900077819824219e-01 4.729099869728088379e-01
3.921099901199340820e-01 3.012199997901916504e-01
6.510099768638610840e-01 6.113499999046325684e-01
6.505799889564514160e-01 6.251400113105773926e-01
6.506000161170959473e-01 6.240699887275695801e-01
6.467400193214416504e-01 6.220800280570983887e-01
6.472600102424621582e-01 6.241700053215026855e-01
6.444699764251708984e-01 6.207200288772583008e-01
6.394100189208984375e-01 6.189399957656860352e-01
6.321399807929992676e-01 5.989300012588500977e-01
6.044700145721435547e-01 5.553699731826782227e-01
4.492000043392181396e-01 5.195900201797485352e-01
4.481500089168548584e-01 5.163699984550476074e-01
4.472900032997131348e-01 5.185400247573852539e-01
4.466400146484375000e-01 5.182899832725524902e-01
4.497500061988830566e-01 5.213299989700317383e-01
4.502199888229370117e-01 5.347399711608886719e-01
5.130000114440917969e-01 5.370000004768371582e-01
4.388099908828735352e-01 3.942199945449829102e-01
4.401099979877471924e-01 3.939400017261505127e-01
4.410099983215332031e-01 3.923400044441223145e-01
4.400500059127807617e-01 3.915799856185913086e-01
5.638399720191955566e-01 2.871899902820587158e-01
5.740000009536743164e-01 2.860600054264068604e-01
5.656499862670898438e-01 2.753500044345855713e-01
4.934000074863433838e-01 4.726099967956542969e-01
4.912199974060058594e-01 4.702799916267395020e-01
4.883399903774261475e-01 4.633499979972839355e-01
4.715099930763244629e-01 3.686099946498870850e-01
4.553300142288208008e-01 3.838900029659271240e-01
5.151699781417846680e-01 3.322600126266479492e-01
5.135400295257568359e-01 3.302299976348876953e-01
4.871599972248077393e-01 3.224200010299682617e-01
4.522599875926971436e-01 2.617999911308288574e-01
4.490700066089630127e-01 2.724899947643280029e-01
4.710299968719482422e-01 2.498600035905838013e-01
5.000299811363220215e-01 2.368399947881698608e-01
4.923099875450134277e-01 2.703599929809570312e-01
4.934599995613098145e-01 2.707599997520446777e-01
4.936000108718872070e-01 2.865700125694274902e-01
6.447100043296813965e-01 7.247300148010253906e-01
6.781700253486633301e-01 7.271000146865844727e-01
6.751000285148620605e-01 7.238399982452392578e-01
4.853399991989135742e-01 8.170800209045410156e-01
5.421199798583984375e-01 7.889000177383422852e-01
5.354499816894531250e-01 8.056799769401550293e-01
4.408900141716003418e-01 5.927600264549255371e-01
4.266099929809570312e-01 6.536599993705749512e-01
4.112499952316284180e-01 8.312799930572509766e-01
4.012899994850158691e-01 8.171799778938293457e-01
4.059399962425231934e-01 8.317199945449829102e-01
4.105899930000305176e-01 8.215699791908264160e-01
4.128699898719787598e-01 8.250899910926818848e-01
4.135600030422210693e-01 8.249899744987487793e-01
4.087699949741363525e-01 8.119199872016906738e-01
4.898400008678436279e-01 8.435199856758117676e-01
5.219299793243408203e-01 8.464599847793579102e-01
5.212699770927429199e-01 8.474100232124328613e-01
5.218200087547302246e-01 8.490499854087829590e-01
5.190399885177612305e-01 8.523300290107727051e-01
5.260499715805053711e-01 8.561699986457824707e-01
4.718700051307678223e-01 3.629400134086608887e-01
4.268299937248229980e-01 3.007600009441375732e-01
4.304099977016448975e-01 3.049100041389465332e-01
4.360600113868713379e-01 2.921299934387207031e-01
4.499999880790710449e-01 3.074499964714050293e-01
4.534899890422821045e-01 3.206999897956848145e-01
4.511800110340118408e-01 3.027600049972534180e-01
4.697799980640411377e-01 2.758800089359283447e-01
5.127900242805480957e-01 3.129799962043762207e-01
5.097399950027465820e-01 3.345099985599517822e-01
5.109599828720092773e-01 3.349399864673614502e-01
5.072100162506103516e-01 3.358600139617919922e-01
5.202000141143798828e-01 3.363800048828125000e-01
5.505099892616271973e-01 3.377099931240081787e-01
5.572100281715393066e-01 3.417699933052062988e-01
5.561400055885314941e-01 3.454500138759613037e-01
5.528299808502197266e-01 3.399100005626678467e-01
5.811600089073181152e-01 3.803899884223937988e-01
4.974099993705749512e-01 3.386000096797943115e-01
4.296900033950805664e-01 2.843599915504455566e-01
4.426699876785278320e-01 2.976900041103363037e-01
4.496400058269500732e-01 3.014000058174133301e-01
4.490999877452850342e-01 2.945500016212463379e-01
5.478299856185913086e-01 6.574900150299072266e-01
5.351200103759765625e-01 6.064699888229370117e-01
5.348600149154663086e-01 6.062600016593933105e-01
5.344799757003784180e-01 6.062200069427490234e-01
5.361800193786621094e-01 6.061999797821044922e-01
5.367599725723266602e-01 6.060600280761718750e-01
5.368999838829040527e-01 6.064100265502929688e-01
5.374900102615356445e-01 6.069099903106689453e-01
5.377699732780456543e-01 6.062600016593933105e-01
5.382599830627441406e-01 6.071100234985351562e-01
5.591099858283996582e-01 6.817600131034851074e-01
5.580199956893920898e-01 6.858699917793273926e-01
5.564900040626525879e-01 6.842600107192993164e-01
5.452200174331665039e-01 6.844300031661987305e-01
5.462399721145629883e-01 6.871600151062011719e-01
5.465700030326843262e-01 6.887199878692626953e-01
5.524700284004211426e-01 6.689299941062927246e-01
5.523499846458435059e-01 6.688699722290039062e-01
5.531499981880187988e-01 6.672700047492980957e-01
5.520700216293334961e-01 6.662799715995788574e-01
5.530200004577636719e-01 6.684399843215942383e-01
5.538300275802612305e-01 6.696500182151794434e-01
5.989099740982055664e-01 5.590100288391113281e-01
6.005499958992004395e-01 5.587400197982788086e-01
3.190099895000457764e-01 6.499900221824645996e-01
6.125000119209289551e-01 5.056499838829040527e-01
5.771700143814086914e-01 4.971300065517425537e-01
5.715399980545043945e-01 5.076199769973754883e-01
5.843700170516967773e-01 4.989100098609924316e-01
5.364699959754943848e-01 5.522099733352661133e-01
5.339499711990356445e-01 5.794699788093566895e-01
5.270199775695800781e-01 5.422599911689758301e-01
5.268700122833251953e-01 5.474500060081481934e-01
5.255500078201293945e-01 5.495200157165527344e-01
5.254399776458740234e-01 5.532500147819519043e-01
5.246700048446655273e-01 5.530099868774414062e-01
5.224699974060058594e-01 5.525299906730651855e-01
5.212399959564208984e-01 5.518400073051452637e-01
5.210000276565551758e-01 5.505499839782714844e-01
5.221599936485290527e-01 5.511299967765808105e-01
5.135200023651123047e-01 5.470799803733825684e-01
5.150799751281738281e-01 5.533099770545959473e-01
5.529599785804748535e-01 5.619000196456909180e-01
5.889599919319152832e-01 5.636399984359741211e-01
4.383699893951416016e-01 4.303900003433227539e-01
4.238499999046325684e-01 4.101000130176544189e-01
4.236100018024444580e-01 4.077300131320953369e-01
4.267300069332122803e-01 4.089199900627136230e-01
4.274800121784210205e-01 4.082700014114379883e-01
4.280300140380859375e-01 3.572199940681457520e-01
4.247399866580963135e-01 3.613499999046325684e-01
4.263899922370910645e-01 3.734599947929382324e-01
4.931600093841552734e-01 3.613499999046325684e-01
4.742600023746490479e-01 3.574500083923339844e-01
4.147599935531616211e-01 4.047000110149383545e-01
4.129799902439117432e-01 4.102700054645538330e-01
4.198699891567230225e-01 4.192000031471252441e-01
4.212900102138519287e-01 4.198899865150451660e-01
4.300000071525573730e-01 3.818599879741668701e-01
4.273299872875213623e-01 3.915700018405914307e-01
4.284999966621398926e-01 3.862699866294860840e-01
4.314000010490417480e-01 3.897899985313415527e-01
4.287700057029724121e-01 3.861800134181976318e-01
4.287000000476837158e-01 3.858299851417541504e-01
4.318700134754180908e-01 3.739500045776367188e-01
4.345099925994873047e-01 3.743900060653686523e-01
5.163099765777587891e-01 3.480199873447418213e-01
4.516099989414215088e-01 4.067200124263763428e-01
4.467200040817260742e-01 4.133099913597106934e-01
4.862299859523773193e-01 3.015800118446350098e-01
4.855599999427795410e-01 2.359499931335449219e-01
5.155699849128723145e-01 4.657399952411651611e-01
5.126600265502929688e-01 4.623099863529205322e-01
5.118200182914733887e-01 4.626800119876861572e-01
5.075200200080871582e-01 4.896799921989440918e-01
5.066000223159790039e-01 4.840300083160400391e-01
4.975799918174743652e-01 4.751400053501129150e-01
4.927900135517120361e-01 4.752100110054016113e-01
4.853500127792358398e-01 4.793199896812438965e-01
5.021499991416931152e-01 4.230900108814239502e-01
5.960400104522705078e-01 4.440299868583679199e-01
6.065099835395812988e-01 4.533799886703491211e-01
5.718100070953369141e-01 4.454900026321411133e-01
5.522500276565551758e-01 4.495700001716613770e-01
4.429900050163269043e-01 3.516899943351745605e-01
4.391300082206726074e-01 3.966799974441528320e-01
4.527600109577178955e-01 4.063700139522552490e-01
4.616000056266784668e-01 4.235599935054779053e-01
5.028300285339355469e-01 5.812500119209289551e-01
5.031599998474121094e-01 5.837799906730651855e-01
5.137299895286560059e-01 6.031299829483032227e-01
4.925499856472015381e-01 6.011599898338317871e-01
4.816499948501586914e-01 5.997200012207031250e-01
4.812000095844268799e-01 6.039400100708007812e-01
4.920699894428253174e-01 6.100100278854370117e-01
4.930399954319000244e-01 6.102100014686584473e-01
4.941599965095520020e-01 6.121500134468078613e-01
4.941500127315521240e-01 6.117799878120422363e-01
4.943000078201293945e-01 6.088399887084960938e-01
4.948999881744384766e-01 6.096699833869934082e-01
5.241500139236450195e-01 5.961800217628479004e-01
5.248100161552429199e-01 5.979999899864196777e-01
5.228800177574157715e-01 5.949800014495849609e-01
5.109800100326538086e-01 5.874300003051757812e-01
4.987300038337707520e-01 5.731599926948547363e-01
5.005400180816650391e-01 5.722699761390686035e-01
4.996599853038787842e-01 5.718799829483032227e-01
5.005499720573425293e-01 5.709900259971618652e-01
5.004900097846984863e-01 5.689499974250793457e-01
5.006899833679199219e-01 5.704900026321411133e-01
4.995400011539459229e-01 4.885500073432922363e-01
4.986900091171264648e-01 4.824000000953674316e-01
4.961499869823455811e-01 4.779300093650817871e-01
4.939799904823303223e-01 4.811800122261047363e-01
4.969399869441986084e-01 4.864900112152099609e-01
4.989799857139587402e-01 4.885399937629699707e-01
4.995500147342681885e-01 4.881100058555603027e-01
4.977299869060516357e-01 4.832499921321868896e-01
4.485299885272979736e-01 3.682500123977661133e-01
4.935899972915649414e-01 4.811500012874603271e-01
5.119299888610839844e-01 2.213400006294250488e-01
4.861400127410888672e-01 2.776699960231781006e-01
4.341099858283996582e-01 4.020799994468688965e-01
4.353699982166290283e-01 3.922300040721893311e-01
4.268400073051452637e-01 2.553200125694274902e-01
4.382399916648864746e-01 2.753700017929077148e-01
5.800099968910217285e-01 5.974900126457214355e-01
5.603899955749511719e-01 5.094100236892700195e-01
5.438899993896484375e-01 4.972200095653533936e-01
5.460000038146972656e-01 5.029100179672241211e-01
5.363199710845947266e-01 5.124899744987487793e-01
5.281400084495544434e-01 5.279499888420104980e-01
5.029100179672241211e-01 6.166599988937377930e-01
5.024499893188476562e-01 6.205300092697143555e-01
5.021799802780151367e-01 6.198499798774719238e-01
5.192499756813049316e-01 6.241199970245361328e-01
5.164600014686584473e-01 6.227499842643737793e-01
5.154899954795837402e-01 6.248199939727783203e-01
5.133000016212463379e-01 6.253499984741210938e-01
5.103899836540222168e-01 6.227599978446960449e-01
5.077900290489196777e-01 6.252099871635437012e-01
5.074200034141540527e-01 6.255000233650207520e-01
5.067399740219116211e-01 6.283299922943115234e-01
5.048199892044067383e-01 6.353600025177001953e-01
5.042899847030639648e-01 6.349599957466125488e-01
5.029299855232238770e-01 6.355400085449218750e-01
5.015699863433837891e-01 6.378399729728698730e-01
5.007899999618530273e-01 6.384500265121459961e-01
5.084900259971618652e-01 6.370599865913391113e-01
5.339499711990356445e-01 6.490300297737121582e-01
5.543000102043151855e-01 6.643300056457519531e-01
5.325099825859069824e-01 6.711000204086303711e-01
4.752799868583679199e-01 6.259899735450744629e-01
5.054299831390380859e-01 6.141499876976013184e-01
4.875400066375732422e-01 4.451000094413757324e-01
4.921700060367584229e-01 4.365600049495697021e-01
4.957799911499023438e-01 4.416300058364868164e-01
4.962700009346008301e-01 4.511500000953674316e-01
4.965099990367889404e-01 4.267199933528900146e-01
4.950599968433380127e-01 4.293299913406372070e-01
4.950500130653381348e-01 4.283800125122070312e-01
5.063800215721130371e-01 4.335800111293792725e-01
4.751200079917907715e-01 4.661400020122528076e-01
4.772599935531616211e-01 4.683000147342681885e-01
4.841499924659729004e-01 4.755400121212005615e-01
4.876700043678283691e-01 4.782299995422363281e-01
4.774200022220611572e-01 4.680500030517578125e-01
5.213400125503540039e-01 4.785400032997131348e-01
5.550900101661682129e-01 4.908599853515625000e-01
5.254200100898742676e-01 4.709199965000152588e-01
5.329700112342834473e-01 4.895699918270111084e-01
4.362199902534484863e-01 4.416700005531311035e-01
4.469900131225585938e-01 4.479799866676330566e-01
4.552800059318542480e-01 4.121299982070922852e-01
4.487200081348419189e-01 4.138799905776977539e-01
4.492799937725067139e-01 4.208000004291534424e-01
4.678600132465362549e-01 3.086299896240234375e-01
4.685899913311004639e-01 3.112600147724151611e-01
4.686700105667114258e-01 3.109700083732604980e-01
4.700399935245513916e-01 3.085600137710571289e-01
4.705899953842163086e-01 3.100500106811523438e-01
4.720200002193450928e-01 3.094199895858764648e-01
4.735299944877624512e-01 3.091500103473663330e-01
4.730100035667419434e-01 3.132500052452087402e-01
4.372099936008453369e-01 3.378100097179412842e-01
4.413000047206878662e-01 3.303900063037872314e-01
4.393300116062164307e-01 3.350799977779388428e-01
4.611000120639801025e-01 3.196699917316436768e-01
4.735099971294403076e-01 3.081800043582916260e-01
4.701800048351287842e-01 3.124800026416778564e-01
5.548300147056579590e-01 3.073999881744384766e-01
5.546299815177917480e-01 3.093299865722656250e-01
5.383700132369995117e-01 3.461900055408477783e-01
5.368000268936157227e-01 3.364300131797790527e-01
5.380899906158447266e-01 3.071199953556060791e-01
5.467600226402282715e-01 3.246900141239166260e-01
5.469599962234497070e-01 3.204799890518188477e-01
5.473099946975708008e-01 3.192499876022338867e-01
4.768899977207183838e-01 6.693400144577026367e-01
4.864099919795989990e-01 6.672999858856201172e-01
4.865599870681762695e-01 6.677799820899963379e-01
4.949400126934051514e-01 7.686499953269958496e-01
4.880900084972381592e-01 7.728199958801269531e-01
4.893299937248229980e-01 7.718600034713745117e-01
4.908300042152404785e-01 7.716299891471862793e-01
4.916999936103820801e-01 7.751100063323974609e-01
4.910399913787841797e-01 7.535700201988220215e-01
4.855999946594238281e-01 7.576100230216979980e-01
4.822199940681457520e-01 7.687399983406066895e-01
4.802300035953521729e-01 7.662799954414367676e-01
4.790000021457672119e-01 7.706300020217895508e-01
4.758999943733215332e-01 7.686200141906738281e-01
4.761300086975097656e-01 7.707999944686889648e-01
4.769200086593627930e-01 7.719500064849853516e-01
4.766399860382080078e-01 7.702699899673461914e-01
4.762600064277648926e-01 7.691599726676940918e-01
4.776200056076049805e-01 7.686600089073181152e-01
4.829100072383880615e-01 7.601100206375122070e-01
4.841800034046173096e-01 7.631000280380249023e-01
4.842399954795837402e-01 7.633600234985351562e-01
6.076499819755554199e-01 6.302899718284606934e-01
5.686500072479248047e-01 6.017699837684631348e-01
5.298799872398376465e-01 6.078299880027770996e-01
5.299100279808044434e-01 6.070100069046020508e-01
5.298699736595153809e-01 6.077700257301330566e-01
5.294499993324279785e-01 6.079900264739990234e-01
5.290600061416625977e-01 6.079900264739990234e-01
5.288900136947631836e-01 6.082900166511535645e-01
5.422700047492980957e-01 6.033999919891357422e-01
6.675599813461303711e-01 5.937799811363220215e-01
6.668000221252441406e-01 5.965200066566467285e-01
6.672899723052978516e-01 5.983300209045410156e-01
6.666700243949890137e-01 5.973500013351440430e-01
7.026500105857849121e-01 5.884400010108947754e-01
7.318400144577026367e-01 5.778399705886840820e-01
7.290899753570556641e-01 5.796399712562561035e-01
7.290300130844116211e-01 5.829600095748901367e-01
7.291200160980224609e-01 5.828300118446350098e-01
7.292100191116333008e-01 5.833399891853332520e-01
6.223800182342529297e-01 5.995699763298034668e-01
6.217499971389770508e-01 6.003800034523010254e-01
6.221699714660644531e-01 6.023899912834167480e-01
6.262000203132629395e-01 4.603199958801269531e-01
6.079000234603881836e-01 4.539699852466583252e-01
6.019499897956848145e-01 4.609400033950805664e-01
6.000199913978576660e-01 4.626199901103973389e-01
6.035599708557128906e-01 4.660300016403198242e-01
6.025599837303161621e-01 4.433900117874145508e-01
6.202200055122375488e-01 4.619799852371215820e-01
6.160899996757507324e-01 4.580500125885009766e-01
6.139600276947021484e-01 4.560199975967407227e-01
6.153699755668640137e-01 4.455200135707855225e-01
6.102799773216247559e-01 4.526000022888183594e-01
6.072199940681457520e-01 4.512900114059448242e-01
6.117299795150756836e-01 4.543200135231018066e-01
5.947300195693969727e-01 3.986699879169464111e-01
5.931199789047241211e-01 3.969500064849853516e-01
5.990599989891052246e-01 3.938699960708618164e-01
5.893099904060363770e-01 3.557099997997283936e-01
5.903099775314331055e-01 3.600899875164031982e-01
5.983600020408630371e-01 4.166899919509887695e-01
5.976499915122985840e-01 4.199100136756896973e-01
6.049500107765197754e-01 4.640100002288818359e-01
6.069099903106689453e-01 4.663000106811523438e-01
4.820300042629241943e-01 6.131200194358825684e-01
5.337499976158142090e-01 6.503400206565856934e-01
5.328599810600280762e-01 6.511200070381164551e-01
5.349400043487548828e-01 6.492099761962890625e-01
5.401899814605712891e-01 6.495199799537658691e-01
4.826799929141998291e-01 6.624299883842468262e-01
4.833100140094757080e-01 6.648399829864501953e-01
4.843100011348724365e-01 6.667400002479553223e-01
4.856899976730346680e-01 6.679099798202514648e-01
4.861800074577331543e-01 6.658300161361694336e-01
4.861899912357330322e-01 6.664800047874450684e-01
5.184900164604187012e-01 6.198899745941162109e-01
5.217400193214416504e-01 6.081100106239318848e-01
5.223699808120727539e-01 6.075699925422668457e-01
5.209100246429443359e-01 6.051800251007080078e-01
4.622299969196319580e-01 5.978900194168090820e-01
4.627099931240081787e-01 5.982099771499633789e-01
4.857200086116790771e-01 6.020600199699401855e-01
4.847300052642822266e-01 6.020900011062622070e-01
3.915100097656250000e-01 7.004500031471252441e-01
3.956300020217895508e-01 7.014999985694885254e-01
3.970000147819519043e-01 7.015900015830993652e-01
6.298400163650512695e-01 2.151799947023391724e-01
6.294400095939636230e-01 2.136600017547607422e-01
6.291800141334533691e-01 2.124000042676925659e-01
6.327099800109863281e-01 1.308300048112869263e-01
6.386899948120117188e-01 1.284199953079223633e-01
6.394799947738647461e-01 1.289799958467483521e-01
6.402800083160400391e-01 1.295599937438964844e-01
6.249099969863891602e-01 2.026199996471405029e-01
6.264799833297729492e-01 1.981599926948547363e-01
6.259999871253967285e-01 2.010899931192398071e-01
6.276699900627136230e-01 2.138299942016601562e-01
6.239299774169921875e-01 1.964000016450881958e-01
6.284199953079223633e-01 2.048500031232833862e-01
6.288099884986877441e-01 2.040999978780746460e-01
6.288300156593322754e-01 2.172199934720993042e-01
6.306599974632263184e-01 2.150599956512451172e-01
6.276800036430358887e-01 2.079800069332122803e-01
6.292399764060974121e-01 2.103399932384490967e-01
6.307899951934814453e-01 2.082300037145614624e-01
6.389200091361999512e-01 2.196200042963027954e-01
6.350499987602233887e-01 2.113199979066848755e-01
6.411899924278259277e-01 2.177100032567977905e-01
5.456900000572204590e-01 6.888700127601623535e-01
5.419099926948547363e-01 6.828699707984924316e-01
5.418999791145324707e-01 6.795399785041809082e-01
5.446599721908569336e-01 6.744199991226196289e-01
5.351300239562988281e-01 7.069500088691711426e-01
5.355799794197082520e-01 7.096700072288513184e-01
5.361599922180175781e-01 7.109400033950805664e-01
5.356799960136413574e-01 7.116500139236450195e-01
5.355700254440307617e-01 7.108700275421142578e-01
5.363100171089172363e-01 6.813700199127197266e-01
5.363399982452392578e-01 6.787999868392944336e-01
5.372400283813476562e-01 6.768100261688232422e-01
5.497400164604187012e-01 7.168099880218505859e-01
5.495399832725524902e-01 7.174599766731262207e-01
5.497199892997741699e-01 7.176399827003479004e-01
5.508300065994262695e-01 7.228800058364868164e-01
5.504599809646606445e-01 7.239999771118164062e-01
5.425199866294860840e-01 7.131599783897399902e-01
5.412200093269348145e-01 7.062699794769287109e-01
5.418499708175659180e-01 7.021200060844421387e-01
5.429499745368957520e-01 7.031499743461608887e-01
5.432999730110168457e-01 7.021800279617309570e-01
4.633800089359283447e-01 3.938499987125396729e-01
4.822700023651123047e-01 3.939599990844726562e-01
4.812099933624267578e-01 3.957900106906890869e-01
4.854800105094909668e-01 4.054999947547912598e-01
4.764400124549865723e-01 3.998000025749206543e-01
4.719400107860565186e-01 3.962599933147430420e-01
4.691500067710876465e-01 3.946999907493591309e-01
4.661700129508972168e-01 3.931100070476531982e-01
4.701499938964843750e-01 3.810899853706359863e-01
4.855799973011016846e-01 3.807300031185150146e-01
4.175300002098083496e-01 4.002000093460083008e-01
4.172799885272979736e-01 4.000299870967864990e-01
4.098599851131439209e-01 4.041700065135955811e-01
4.110200107097625732e-01 4.019199907779693604e-01
4.129300117492675781e-01 4.088099896907806396e-01
4.305000007152557373e-01 4.215900003910064697e-01
4.198899865150451660e-01 4.216800034046173096e-01
4.406799972057342529e-01 4.103200137615203857e-01
4.416399896144866943e-01 4.115299880504608154e-01
4.527400135993957520e-01 4.041000008583068848e-01
4.528200030326843262e-01 4.045900106430053711e-01
4.517300128936767578e-01 4.041599929332733154e-01
4.366900026798248291e-01 7.195399999618530273e-01
4.332999885082244873e-01 7.082700133323669434e-01
4.402399957180023193e-01 7.017099857330322266e-01
4.415299892425537109e-01 6.983399987220764160e-01
4.393999874591827393e-01 6.899999976158142090e-01
4.498600065708160400e-01 6.783499717712402344e-01
4.808599948883056641e-01 6.594700217247009277e-01
4.825299978256225586e-01 6.572600007057189941e-01
4.864000082015991211e-01 6.528099775314331055e-01
4.868400096893310547e-01 6.546099781990051270e-01
4.840700030326843262e-01 6.601399779319763184e-01
4.811800122261047363e-01 6.820999979972839355e-01
4.778999984264373779e-01 6.769400238990783691e-01
4.839900135993957520e-01 6.846799850463867188e-01
4.875000119209289551e-01 6.869999766349792480e-01
4.858300089836120605e-01 6.860399842262268066e-01
4.944899976253509521e-01 7.363600134849548340e-01
4.869999885559082031e-01 7.405700087547302246e-01
4.852100014686584473e-01 7.422000169754028320e-01
4.845499992370605469e-01 7.258399724960327148e-01
4.863800108432769775e-01 7.111499905586242676e-01
4.830900132656097412e-01 7.119600176811218262e-01
5.030900239944458008e-01 2.997800111770629883e-01
5.025500059127807617e-01 3.014999926090240479e-01
5.020400285720825195e-01 3.029400110244750977e-01
5.033900141716003418e-01 2.997199892997741699e-01
6.245499849319458008e-01 3.266899883747100830e-01
5.309100151062011719e-01 3.002800047397613525e-01
6.209499835968017578e-01 3.287400007247924805e-01
6.200100183486938477e-01 3.299300074577331543e-01
6.207500100135803223e-01 3.265300095081329346e-01
6.221500039100646973e-01 3.230000138282775879e-01
6.189000010490417480e-01 3.277899920940399170e-01
6.242899894714355469e-01 3.278999924659729004e-01
5.344099998474121094e-01 3.165900111198425293e-01
5.457400083541870117e-01 3.066999912261962891e-01
5.432000160217285156e-01 3.113999962806701660e-01
5.441600084304809570e-01 3.053900003433227539e-01
5.725399851799011230e-01 3.158800005912780762e-01
5.730900168418884277e-01 3.164300024509429932e-01
5.698099732398986816e-01 3.189800083637237549e-01
5.781000256538391113e-01 3.262400031089782715e-01
4.941500127315521240e-01 2.922799885272979736e-01
5.109400153160095215e-01 2.929500043392181396e-01
3.338800072669982910e-01 8.072100281715393066e-01
3.346799910068511963e-01 8.083900213241577148e-01
2.928400039672851562e-01 8.865399956703186035e-01
2.934499979019165039e-01 8.851100206375122070e-01
2.940999865531921387e-01 8.841199874877929688e-01
3.041999936103820801e-01 8.573799729347229004e-01
2.928799986839294434e-01 8.809000253677368164e-01
2.870599925518035889e-01 9.044100046157836914e-01
3.444400131702423096e-01 8.351899981498718262e-01
3.402499854564666748e-01 8.410300016403198242e-01
3.425000011920928955e-01 8.413900136947631836e-01
3.434599936008453369e-01 8.384500145912170410e-01
3.497999906539916992e-01 7.671999931335449219e-01
3.566499948501586914e-01 8.538399934768676758e-01
3.226999938488006592e-01 8.460999727249145508e-01
3.221600055694580078e-01 8.447899818420410156e-01
3.238700032234191895e-01 8.284500241279602051e-01
3.275499939918518066e-01 8.262699842453002930e-01
3.331100046634674072e-01 8.292800188064575195e-01
3.390499949455261230e-01 8.349999785423278809e-01
3.423300087451934814e-01 8.338900208473205566e-01
3.441500067710876465e-01 8.389099836349487305e-01
5.037000179290771484e-01 2.873199880123138428e-01
4.947600066661834717e-01 3.420999944210052490e-01
5.052899718284606934e-01 2.908299863338470459e-01
5.500400066375732422e-01 2.721000015735626221e-01
5.566999912261962891e-01 2.755799889564514160e-01
5.544300079345703125e-01 2.751500010490417480e-01
5.528399944305419922e-01 2.750900089740753174e-01
5.541999936103820801e-01 2.761400043964385986e-01
5.816299915313720703e-01 2.435500025749206543e-01
5.814899802207946777e-01 2.270099967718124390e-01
5.805199742317199707e-01 2.230799943208694458e-01
5.328099727630615234e-01 4.082300066947937012e-01
5.636500120162963867e-01 4.796699881553649902e-01
5.246199965476989746e-01 3.928099870681762695e-01
5.639600157737731934e-01 4.750899970531463623e-01
5.633900165557861328e-01 4.812000095844268799e-01
5.624600052833557129e-01 4.827199876308441162e-01
5.631200075149536133e-01 4.789699912071228027e-01
4.874500036239624023e-01 4.862500131130218506e-01
4.714300036430358887e-01 4.429300129413604736e-01
4.761399924755096436e-01 3.277600109577178955e-01
5.434200167655944824e-01 3.800199925899505615e-01
