3.782652914524078369e-01 8.944806456565856934e-01
3.782653808593750000e-01 8.944805860519409180e-01
3.782653808593750000e-01 8.944805264472961426e-01
3.782653212547302246e-01 8.944805860519409180e-01
3.782654404640197754e-01 8.944805860519409180e-01
3.782653808593750000e-01 8.944805860519409180e-01
3.782653212547302246e-01 8.944805264472961426e-01
3.782653212547302246e-01 8.944805860519409180e-01
3.782653808593750000e-01 8.944805860519409180e-01
3.782653808593750000e-01 8.944805860519409180e-01
3.782655000686645508e-01 8.944807648658752441e-01
3.782652914524078369e-01 8.944805860519409180e-01
3.782652616500854492e-01 8.944804668426513672e-01
3.782653212547302246e-01 8.944804668426513672e-01
3.782655000686645508e-01 8.944807648658752441e-01
3.782653808593750000e-01 8.944805860519409180e-01
3.782654404640197754e-01 8.944804668426513672e-01
3.782654404640197754e-01 8.944807052612304688e-01
3.782653808593750000e-01 8.944805860519409180e-01
3.782654404640197754e-01 8.944805264472961426e-01
3.782653212547302246e-01 8.944807052612304688e-01
3.782653808593750000e-01 8.944805264472961426e-01
6.016157865524291992e-01 5.765063166618347168e-01
6.016156673431396484e-01 5.765063166618347168e-01
6.016157865524291992e-01 5.765063762664794922e-01
6.016157865524291992e-01 5.765063166618347168e-01
6.016156673431396484e-01 5.765062570571899414e-01
6.016156673431396484e-01 5.765063166618347168e-01
6.016156673431396484e-01 5.765063166618347168e-01
6.016156673431396484e-01 5.765063166618347168e-01
6.016156673431396484e-01 5.765063166618347168e-01
6.016156673431396484e-01 5.765062570571899414e-01
6.016157269477844238e-01 5.765063762664794922e-01
6.016157865524291992e-01 5.765062570571899414e-01
6.016156673431396484e-01 5.765062570571899414e-01
6.016156673431396484e-01 5.765063166618347168e-01
6.016156673431396484e-01 5.765062570571899414e-01
6.016156673431396484e-01 5.765062570571899414e-01
6.016156673431396484e-01 5.765062570571899414e-01
6.016156673431396484e-01 5.765062570571899414e-01
6.016156673431396484e-01 5.765062570571899414e-01
6.016157865524291992e-01 5.765062570571899414e-01
6.016156673431396484e-01 5.765062570571899414e-01
6.016156673431396484e-01 5.765062570571899414e-01
5.455572605133056641e-01 7.410722374916076660e-01
5.455571413040161133e-01 7.410722374916076660e-01
5.455571413040161133e-01 7.410722970962524414e-01
5.455572605133056641e-01 7.410722374916076660e-01
5.455571413040161133e-01 7.410722374916076660e-01
5.455572605133056641e-01 7.410722374916076660e-01
5.455572605133056641e-01 7.410722374916076660e-01
5.455572605133056641e-01 7.410722374916076660e-01
5.455572605133056641e-01 7.410722374916076660e-01
5.455572605133056641e-01 7.410722374916076660e-01
5.455572605133056641e-01 7.410722374916076660e-01
5.455572605133056641e-01 7.410722374916076660e-01
5.455572605133056641e-01 7.410722374916076660e-01
5.455571413040161133e-01 7.410722374916076660e-01
5.455571413040161133e-01 7.410722970962524414e-01
5.455571413040161133e-01 7.410722374916076660e-01
5.455572605133056641e-01 7.410722374916076660e-01
5.455572605133056641e-01 7.410722374916076660e-01
5.455572605133056641e-01 7.410722374916076660e-01
5.455571413040161133e-01 7.410722374916076660e-01
5.455571413040161133e-01 7.410722374916076660e-01
5.455572605133056641e-01 7.410722374916076660e-01
5.581222772598266602e-01 6.238799691200256348e-01
5.581222772598266602e-01 6.238799095153808594e-01
5.581222772598266602e-01 6.238799691200256348e-01
5.581222772598266602e-01 6.238799691200256348e-01
5.581223368644714355e-01 6.238798499107360840e-01
5.581222772598266602e-01 6.238799095153808594e-01
5.581221580505371094e-01 6.238799095153808594e-01
5.581223964691162109e-01 6.238799691200256348e-01
5.581223964691162109e-01 6.238799691200256348e-01
5.581222772598266602e-01 6.238799691200256348e-01
5.581223368644714355e-01 6.238798499107360840e-01
5.581221580505371094e-01 6.238799095153808594e-01
5.581221580505371094e-01 6.238799095153808594e-01
5.581222772598266602e-01 6.238799691200256348e-01
5.581222772598266602e-01 6.238799691200256348e-01
5.581222772598266602e-01 6.238798499107360840e-01
5.581222772598266602e-01 6.238798499107360840e-01
5.581222772598266602e-01 6.238799691200256348e-01
5.581222772598266602e-01 6.238797903060913086e-01
5.581221580505371094e-01 6.238798499107360840e-01
5.581222772598266602e-01 6.238797903060913086e-01
5.581222772598266602e-01 6.238798499107360840e-01
5.125402808189392090e-01 4.374247789382934570e-01
5.125404000282287598e-01 4.374247193336486816e-01
5.125402212142944336e-01 4.374248385429382324e-01
5.125403404235839844e-01 4.374247789382934570e-01
5.125403404235839844e-01 4.374247193336486816e-01
5.125404000282287598e-01 4.374247193336486816e-01
5.125404000282287598e-01 4.374245405197143555e-01
5.125404000282287598e-01 4.374247789382934570e-01
5.125402808189392090e-01 4.374247193336486816e-01
5.125403404235839844e-01 4.374246597290039062e-01
5.125403404235839844e-01 4.374246597290039062e-01
5.125404000282287598e-01 4.374246001243591309e-01
5.125405788421630859e-01 4.374248385429382324e-01
5.125402808189392090e-01 4.374247789382934570e-01
5.125402212142944336e-01 4.374246001243591309e-01
5.125403404235839844e-01 4.374247193336486816e-01
5.125402212142944336e-01 4.374248385429382324e-01
5.125405192375183105e-01 4.374248385429382324e-01
5.125404000282287598e-01 4.374246001243591309e-01
5.125404000282287598e-01 4.374246001243591309e-01
5.125404000282287598e-01 4.374246597290039062e-01
5.125404000282287598e-01 4.374246597290039062e-01
5.538389086723327637e-01 5.890125632286071777e-01
5.538390874862670898e-01 5.890125036239624023e-01
5.538388490676879883e-01 5.890124440193176270e-01
5.538389086723327637e-01 5.890125036239624023e-01
5.538389682769775391e-01 5.890125632286071777e-01
5.538390874862670898e-01 5.890125036239624023e-01
5.538390874862670898e-01 5.890125036239624023e-01
5.538390874862670898e-01 5.890125036239624023e-01
5.538390874862670898e-01 5.890125036239624023e-01
5.538389682769775391e-01 5.890124440193176270e-01
5.538389682769775391e-01 5.890125036239624023e-01
5.538389682769775391e-01 5.890125632286071777e-01
5.538389682769775391e-01 5.890125632286071777e-01
5.538390874862670898e-01 5.890125036239624023e-01
5.538391470909118652e-01 5.890125036239624023e-01
5.538391470909118652e-01 5.890125036239624023e-01
5.538390874862670898e-01 5.890125036239624023e-01
5.538390278816223145e-01 5.890125632286071777e-01
5.538390874862670898e-01 5.890125036239624023e-01
5.538389682769775391e-01 5.890125632286071777e-01
5.538389682769775391e-01 5.890126228332519531e-01
5.538390278816223145e-01 5.890125632286071777e-01
5.612500905990600586e-01 6.280673742294311523e-01
5.612499117851257324e-01 6.280672550201416016e-01
5.612499713897705078e-01 6.280673146247863770e-01
5.612499713897705078e-01 6.280673742294311523e-01
5.612499713897705078e-01 6.280673146247863770e-01
5.612497329711914062e-01 6.280672550201416016e-01
5.612498521804809570e-01 6.280673146247863770e-01
5.612500905990600586e-01 6.280673146247863770e-01
5.612499713897705078e-01 6.280673146247863770e-01
5.612499117851257324e-01 6.280672550201416016e-01
5.612499713897705078e-01 6.280672550201416016e-01
5.612499713897705078e-01 6.280673146247863770e-01
5.612499713897705078e-01 6.280673146247863770e-01
5.612499117851257324e-01 6.280672550201416016e-01
5.612498521804809570e-01 6.280673146247863770e-01
5.612498521804809570e-01 6.280673146247863770e-01
5.612499713897705078e-01 6.280673146247863770e-01
5.612499713897705078e-01 6.280673742294311523e-01
5.612499713897705078e-01 6.280673146247863770e-01
5.612498521804809570e-01 6.280673146247863770e-01
5.612500905990600586e-01 6.280673742294311523e-01
5.612499713897705078e-01 6.280672550201416016e-01
4.758668839931488037e-01 2.501816451549530029e-01
4.758668839931488037e-01 2.501815557479858398e-01
4.758668243885040283e-01 2.501815855503082275e-01
4.758667647838592529e-01 2.501816451549530029e-01
4.758667647838592529e-01 2.501816451549530029e-01
4.758666753768920898e-01 2.501816153526306152e-01
4.758668839931488037e-01 2.501816451549530029e-01
4.758666753768920898e-01 2.501815557479858398e-01
4.758666753768920898e-01 2.501816153526306152e-01
4.758667647838592529e-01 2.501815259456634521e-01
4.758668839931488037e-01 2.501816451549530029e-01
4.758668243885040283e-01 2.501816749572753906e-01
4.758668839931488037e-01 2.501816451549530029e-01
4.758668839931488037e-01 2.501815557479858398e-01
4.758666753768920898e-01 2.501815557479858398e-01
4.758668243885040283e-01 2.501815855503082275e-01
4.758667349815368652e-01 2.501816749572753906e-01
4.758667647838592529e-01 2.501815855503082275e-01
4.758666753768920898e-01 2.501815557479858398e-01
4.758667349815368652e-01 2.501816153526306152e-01
4.758668839931488037e-01 2.501816451549530029e-01
4.758668839931488037e-01 2.501816153526306152e-01
5.271557569503784180e-01 8.065474629402160645e-01
5.271557569503784180e-01 8.065474629402160645e-01
5.271557569503784180e-01 8.065474033355712891e-01
5.271556973457336426e-01 8.065474629402160645e-01
5.271556377410888672e-01 8.065475225448608398e-01
5.271556973457336426e-01 8.065474629402160645e-01
5.271558761596679688e-01 8.065474629402160645e-01
5.271557569503784180e-01 8.065474629402160645e-01
5.271556973457336426e-01 8.065474033355712891e-01
5.271557569503784180e-01 8.065474629402160645e-01
5.271556973457336426e-01 8.065474629402160645e-01
5.271557569503784180e-01 8.065474629402160645e-01
5.271556377410888672e-01 8.065473437309265137e-01
5.271557569503784180e-01 8.065474629402160645e-01
5.271557569503784180e-01 8.065474629402160645e-01
5.271556377410888672e-01 8.065474033355712891e-01
5.271557569503784180e-01 8.065475821495056152e-01
5.271557569503784180e-01 8.065474629402160645e-01
5.271558165550231934e-01 8.065474629402160645e-01
5.271557569503784180e-01 8.065473437309265137e-01
5.271557569503784180e-01 8.065474629402160645e-01
5.271558761596679688e-01 8.065472841262817383e-01
5.534129142761230469e-01 6.200755834579467773e-01
5.534127354621887207e-01 6.200755834579467773e-01
5.534129142761230469e-01 6.200756430625915527e-01
5.534129142761230469e-01 6.200755834579467773e-01
5.534127354621887207e-01 6.200757026672363281e-01
5.534128546714782715e-01 6.200756430625915527e-01
5.534127354621887207e-01 6.200757026672363281e-01
5.534127950668334961e-01 6.200755834579467773e-01
5.534128546714782715e-01 6.200756430625915527e-01
5.534129142761230469e-01 6.200755834579467773e-01
5.534128546714782715e-01 6.200756430625915527e-01
5.534127950668334961e-01 6.200755834579467773e-01
5.534127950668334961e-01 6.200756430625915527e-01
5.534127950668334961e-01 6.200755834579467773e-01
5.534128546714782715e-01 6.200756430625915527e-01
5.534128546714782715e-01 6.200756430625915527e-01
5.534127354621887207e-01 6.200757026672363281e-01
5.534127950668334961e-01 6.200755834579467773e-01
5.534127950668334961e-01 6.200756430625915527e-01
5.534129142761230469e-01 6.200755834579467773e-01
5.534129142761230469e-01 6.200755834579467773e-01
5.534128546714782715e-01 6.200755834579467773e-01
5.449322462081909180e-01 4.354252219200134277e-01
5.449325442314147949e-01 4.354252219200134277e-01
5.449325442314147949e-01 4.354252219200134277e-01
5.449324846267700195e-01 4.354251027107238770e-01
5.449324846267700195e-01 4.354251027107238770e-01
5.449324846267700195e-01 4.354251027107238770e-01
5.449323654174804688e-01 4.354252219200134277e-01
5.449324846267700195e-01 4.354251623153686523e-01
5.449324846267700195e-01 4.354251623153686523e-01
5.449324250221252441e-01 4.354251027107238770e-01
5.449324250221252441e-01 4.354252815246582031e-01
5.449323654174804688e-01 4.354252219200134277e-01
5.449324846267700195e-01 4.354251027107238770e-01
5.449324846267700195e-01 4.354252815246582031e-01
5.449325442314147949e-01 4.354252219200134277e-01
5.449324846267700195e-01 4.354252219200134277e-01
5.449324846267700195e-01 4.354251623153686523e-01
5.449324846267700195e-01 4.354252815246582031e-01
5.449322462081909180e-01 4.354252219200134277e-01
5.449324846267700195e-01 4.354251623153686523e-01
5.449324846267700195e-01 4.354251027107238770e-01
5.449323654174804688e-01 4.354252219200134277e-01
5.004292130470275879e-01 3.327934741973876953e-01
5.004291534423828125e-01 3.327934145927429199e-01
5.004292726516723633e-01 3.327933847904205322e-01
5.004293322563171387e-01 3.327933549880981445e-01
5.004290938377380371e-01 3.327934145927429199e-01
5.004292130470275879e-01 3.327934145927429199e-01
5.004293918609619141e-01 3.327933549880981445e-01
5.004291534423828125e-01 3.327933549880981445e-01
5.004292130470275879e-01 3.327933549880981445e-01
5.004291534423828125e-01 3.327933549880981445e-01
5.004291534423828125e-01 3.327933549880981445e-01
5.004292130470275879e-01 3.327934741973876953e-01
5.004292130470275879e-01 3.327934145927429199e-01
5.004291534423828125e-01 3.327933549880981445e-01
5.004292726516723633e-01 3.327933847904205322e-01
5.004292130470275879e-01 3.327934145927429199e-01
5.004291534423828125e-01 3.327933549880981445e-01
5.004292130470275879e-01 3.327934741973876953e-01
5.004293918609619141e-01 3.327933549880981445e-01
5.004292726516723633e-01 3.327934145927429199e-01
5.004293918609619141e-01 3.327932953834533691e-01
5.004291534423828125e-01 3.327933549880981445e-01
5.252860784530639648e-01 6.799578666687011719e-01
5.252860784530639648e-01 6.799578070640563965e-01
5.252861380577087402e-01 6.799579858779907227e-01
5.252860784530639648e-01 6.799577474594116211e-01
5.252861976623535156e-01 6.799579262733459473e-01
5.252860784530639648e-01 6.799578070640563965e-01
5.252860784530639648e-01 6.799578666687011719e-01
5.252860784530639648e-01 6.799579262733459473e-01
5.252863168716430664e-01 6.799578666687011719e-01
5.252860784530639648e-01 6.799578666687011719e-01
5.252860784530639648e-01 6.799578666687011719e-01
5.252860784530639648e-01 6.799579858779907227e-01
5.252858996391296387e-01 6.799579262733459473e-01
5.252863168716430664e-01 6.799578070640563965e-01
5.252863168716430664e-01 6.799577474594116211e-01
5.252860784530639648e-01 6.799579858779907227e-01
5.252860784530639648e-01 6.799577474594116211e-01
5.252863168716430664e-01 6.799579858779907227e-01
5.252860784530639648e-01 6.799578070640563965e-01
5.252859592437744141e-01 6.799579262733459473e-01
5.252862572669982910e-01 6.799579262733459473e-01
5.252860784530639648e-01 6.799579858779907227e-01
5.250076055526733398e-01 3.300499320030212402e-01
5.250077247619628906e-01 3.300498425960540771e-01
5.250076055526733398e-01 3.300498723983764648e-01
5.250075459480285645e-01 3.300499022006988525e-01
5.250076055526733398e-01 3.300499916076660156e-01
5.250076055526733398e-01 3.300499022006988525e-01
5.250077247619628906e-01 3.300498723983764648e-01
5.250076055526733398e-01 3.300499022006988525e-01
5.250077247619628906e-01 3.300499320030212402e-01
5.250077247619628906e-01 3.300499320030212402e-01
5.250075459480285645e-01 3.300499916076660156e-01
5.250076055526733398e-01 3.300499320030212402e-01
5.250077247619628906e-01 3.300498723983764648e-01
5.250077247619628906e-01 3.300498723983764648e-01
5.250074863433837891e-01 3.300499916076660156e-01
5.250077247619628906e-01 3.300498425960540771e-01
5.250076055526733398e-01 3.300498723983764648e-01
5.250076055526733398e-01 3.300499320030212402e-01
5.250076651573181152e-01 3.300499320030212402e-01
5.250077247619628906e-01 3.300498723983764648e-01
5.250076651573181152e-01 3.300499320030212402e-01
5.250076055526733398e-01 3.300498723983764648e-01
5.030280351638793945e-01 7.368256449699401855e-01
5.030280947685241699e-01 7.368257045745849609e-01
5.030281543731689453e-01 7.368255853652954102e-01
5.030281543731689453e-01 7.368256449699401855e-01
5.030282735824584961e-01 7.368257045745849609e-01
5.030282735824584961e-01 7.368257045745849609e-01
5.030282139778137207e-01 7.368257641792297363e-01
5.030281543731689453e-01 7.368257045745849609e-01
5.030281543731689453e-01 7.368256449699401855e-01
5.030280351638793945e-01 7.368255853652954102e-01
5.030281543731689453e-01 7.368257045745849609e-01
5.030280351638793945e-01 7.368255853652954102e-01
5.030281543731689453e-01 7.368255853652954102e-01
5.030281543731689453e-01 7.368257045745849609e-01
5.030280351638793945e-01 7.368255853652954102e-01
5.030280947685241699e-01 7.368257045745849609e-01
5.030281543731689453e-01 7.368257045745849609e-01
5.030281543731689453e-01 7.368257045745849609e-01
5.030280947685241699e-01 7.368257045745849609e-01
5.030282735824584961e-01 7.368256449699401855e-01
5.030281543731689453e-01 7.368255853652954102e-01
5.030282735824584961e-01 7.368256449699401855e-01
5.276224613189697266e-01 3.715406656265258789e-01
5.276224613189697266e-01 3.715406656265258789e-01
5.276224613189697266e-01 3.715406060218811035e-01
5.276224613189697266e-01 3.715406060218811035e-01
5.276224613189697266e-01 3.715406656265258789e-01
5.276224613189697266e-01 3.715406656265258789e-01
5.276224613189697266e-01 3.715406656265258789e-01
5.276225209236145020e-01 3.715406656265258789e-01
5.276224613189697266e-01 3.715406656265258789e-01
5.276225209236145020e-01 3.715406656265258789e-01
5.276224613189697266e-01 3.715406656265258789e-01
5.276225209236145020e-01 3.715406060218811035e-01
5.276224613189697266e-01 3.715406656265258789e-01
5.276225805282592773e-01 3.715406060218811035e-01
5.276224613189697266e-01 3.715406060218811035e-01
5.276225805282592773e-01 3.715406060218811035e-01
5.276224613189697266e-01 3.715406060218811035e-01
5.276224613189697266e-01 3.715407252311706543e-01
5.276224613189697266e-01 3.715406656265258789e-01
5.276224613189697266e-01 3.715406060218811035e-01
5.276224613189697266e-01 3.715406656265258789e-01
5.276225209236145020e-01 3.715406656265258789e-01
3.770001232624053955e-01 7.221528887748718262e-01
3.770001530647277832e-01 7.221528887748718262e-01
3.770001530647277832e-01 7.221528291702270508e-01
3.770001530647277832e-01 7.221529483795166016e-01
3.770001530647277832e-01 7.221529483795166016e-01
3.770002126693725586e-01 7.221528887748718262e-01
3.770002126693725586e-01 7.221528887748718262e-01
3.770001828670501709e-01 7.221529483795166016e-01
3.770001828670501709e-01 7.221530079841613770e-01
3.770001530647277832e-01 7.221528291702270508e-01
3.770001530647277832e-01 7.221528887748718262e-01
3.770001530647277832e-01 7.221529483795166016e-01
3.770001530647277832e-01 7.221528291702270508e-01
3.770001828670501709e-01 7.221529483795166016e-01
3.770001530647277832e-01 7.221529483795166016e-01
3.770002722740173340e-01 7.221528887748718262e-01
3.770002126693725586e-01 7.221529483795166016e-01
3.770001530647277832e-01 7.221529483795166016e-01
3.770001530647277832e-01 7.221528291702270508e-01
3.770001530647277832e-01 7.221529483795166016e-01
3.770001828670501709e-01 7.221529483795166016e-01
3.770000934600830078e-01 7.221528887748718262e-01
5.215932130813598633e-01 3.850528001785278320e-01
5.215933322906494141e-01 3.850527405738830566e-01
5.215931534767150879e-01 3.850529193878173828e-01
5.215932130813598633e-01 3.850528001785278320e-01
5.215933322906494141e-01 3.850527405738830566e-01
5.215932130813598633e-01 3.850528001785278320e-01
5.215933322906494141e-01 3.850528597831726074e-01
5.215932726860046387e-01 3.850529193878173828e-01
5.215933322906494141e-01 3.850528001785278320e-01
5.215932726860046387e-01 3.850528001785278320e-01
5.215932130813598633e-01 3.850528597831726074e-01
5.215932130813598633e-01 3.850528597831726074e-01
5.215932130813598633e-01 3.850529193878173828e-01
5.215932130813598633e-01 3.850529193878173828e-01
5.215932130813598633e-01 3.850528001785278320e-01
5.215933322906494141e-01 3.850528597831726074e-01
5.215932130813598633e-01 3.850528597831726074e-01
5.215932130813598633e-01 3.850528001785278320e-01
5.215933322906494141e-01 3.850528001785278320e-01
5.215932130813598633e-01 3.850528001785278320e-01
5.215932130813598633e-01 3.850528001785278320e-01
5.215932130813598633e-01 3.850529193878173828e-01
5.606175661087036133e-01 6.865092515945434570e-01
5.606175661087036133e-01 6.865093111991882324e-01
5.606175065040588379e-01 6.865093708038330078e-01
5.606175065040588379e-01 6.865093708038330078e-01
5.606175661087036133e-01 6.865093111991882324e-01
5.606175661087036133e-01 6.865092515945434570e-01
5.606175065040588379e-01 6.865093708038330078e-01
5.606175661087036133e-01 6.865092515945434570e-01
5.606175065040588379e-01 6.865093708038330078e-01
5.606175661087036133e-01 6.865092515945434570e-01
5.606175065040588379e-01 6.865093708038330078e-01
5.606175661087036133e-01 6.865093111991882324e-01
5.606175661087036133e-01 6.865093111991882324e-01
5.606175661087036133e-01 6.865093111991882324e-01
5.606175661087036133e-01 6.865092515945434570e-01
5.606175065040588379e-01 6.865093708038330078e-01
5.606175065040588379e-01 6.865093708038330078e-01
5.606175661087036133e-01 6.865092515945434570e-01
5.606175065040588379e-01 6.865093111991882324e-01
5.606175065040588379e-01 6.865093111991882324e-01
5.606175661087036133e-01 6.865093111991882324e-01
5.606175065040588379e-01 6.865093708038330078e-01
4.371119141578674316e-01 2.093814611434936523e-01
4.371119439601898193e-01 2.093814611434936523e-01
4.371118843555450439e-01 2.093813717365264893e-01
4.371120035648345947e-01 2.093814611434936523e-01
4.371119141578674316e-01 2.093815356492996216e-01
4.371119737625122070e-01 2.093814313411712646e-01
4.371118843555450439e-01 2.093814611434936523e-01
4.371119141578674316e-01 2.093815356492996216e-01
4.371119141578674316e-01 2.093814313411712646e-01
4.371119737625122070e-01 2.093814611434936523e-01
4.371118843555450439e-01 2.093814611434936523e-01
4.371119737625122070e-01 2.093815207481384277e-01
4.371119737625122070e-01 2.093814611434936523e-01
4.371119737625122070e-01 2.093814611434936523e-01
4.371120035648345947e-01 2.093814909458160400e-01
4.371119737625122070e-01 2.093814611434936523e-01
4.371119141578674316e-01 2.093814611434936523e-01
4.371119141578674316e-01 2.093814164400100708e-01
4.371120035648345947e-01 2.093814611434936523e-01
4.371118843555450439e-01 2.093814015388488770e-01
4.371119737625122070e-01 2.093814611434936523e-01
4.371119737625122070e-01 2.093814611434936523e-01
5.532511472702026367e-01 3.713164329528808594e-01
5.532511472702026367e-01 3.713165521621704102e-01
5.532511472702026367e-01 3.713163733482360840e-01
5.532511472702026367e-01 3.713165521621704102e-01
5.532511472702026367e-01 3.713164925575256348e-01
5.532511472702026367e-01 3.713163733482360840e-01
5.532512664794921875e-01 3.713164329528808594e-01
5.532513260841369629e-01 3.713164329528808594e-01
5.532511472702026367e-01 3.713164925575256348e-01
5.532511472702026367e-01 3.713164925575256348e-01
5.532512068748474121e-01 3.713164925575256348e-01
5.532512068748474121e-01 3.713164925575256348e-01
5.532511472702026367e-01 3.713163733482360840e-01
5.532511472702026367e-01 3.713164329528808594e-01
5.532511472702026367e-01 3.713164329528808594e-01
5.532512068748474121e-01 3.713163733482360840e-01
5.532511472702026367e-01 3.713164925575256348e-01
5.532511472702026367e-01 3.713164925575256348e-01
5.532511472702026367e-01 3.713163733482360840e-01
5.532511472702026367e-01 3.713164329528808594e-01
5.532511472702026367e-01 3.713164925575256348e-01
5.532511472702026367e-01 3.713165521621704102e-01
5.927399992942810059e-01 3.780850172042846680e-01
5.927400588989257812e-01 3.780851960182189941e-01
5.927401185035705566e-01 3.780850768089294434e-01
5.927400588989257812e-01 3.780851364135742188e-01
5.927402973175048828e-01 3.780850768089294434e-01
5.927401781082153320e-01 3.780850172042846680e-01
5.927401781082153320e-01 3.780850768089294434e-01
5.927400588989257812e-01 3.780850172042846680e-01
5.927402973175048828e-01 3.780850768089294434e-01
5.927401781082153320e-01 3.780849575996398926e-01
5.927401781082153320e-01 3.780850172042846680e-01
5.927400588989257812e-01 3.780850768089294434e-01
5.927401185035705566e-01 3.780850172042846680e-01
5.927402973175048828e-01 3.780850172042846680e-01
5.927400588989257812e-01 3.780850768089294434e-01
5.927401781082153320e-01 3.780850172042846680e-01
5.927400588989257812e-01 3.780850768089294434e-01
5.927401781082153320e-01 3.780849575996398926e-01
5.927400588989257812e-01 3.780850768089294434e-01
5.927400588989257812e-01 3.780850768089294434e-01
5.927400588989257812e-01 3.780853152275085449e-01
5.927401781082153320e-01 3.780850172042846680e-01
4.749879240989685059e-01 6.804613471031188965e-01
4.749881029129028320e-01 6.804612278938293457e-01
4.749880135059356689e-01 6.804613471031188965e-01
4.749881029129028320e-01 6.804612874984741211e-01
4.749881029129028320e-01 6.804612278938293457e-01
4.749880135059356689e-01 6.804613471031188965e-01
4.749881029129028320e-01 6.804612278938293457e-01
4.749880433082580566e-01 6.804612278938293457e-01
4.749881029129028320e-01 6.804612278938293457e-01
4.749880433082580566e-01 6.804612278938293457e-01
4.749881029129028320e-01 6.804612278938293457e-01
4.749881029129028320e-01 6.804612278938293457e-01
4.749881029129028320e-01 6.804612278938293457e-01
4.749880135059356689e-01 6.804612874984741211e-01
4.749881029129028320e-01 6.804612874984741211e-01
4.749881029129028320e-01 6.804612278938293457e-01
4.749881029129028320e-01 6.804612874984741211e-01
4.749880433082580566e-01 6.804612278938293457e-01
4.749881029129028320e-01 6.804612874984741211e-01
4.749881029129028320e-01 6.804612278938293457e-01
4.749881029129028320e-01 6.804612278938293457e-01
4.749881029129028320e-01 6.804612874984741211e-01
2.649594247341156006e-01 5.428404808044433594e-01
2.649594843387603760e-01 5.428404808044433594e-01
2.649594247341156006e-01 5.428404211997985840e-01
2.649595141410827637e-01 5.428404211997985840e-01
2.649595141410827637e-01 5.428404808044433594e-01
2.649595439434051514e-01 5.428404211997985840e-01
2.649594843387603760e-01 5.428404808044433594e-01
2.649595141410827637e-01 5.428404808044433594e-01
2.649594545364379883e-01 5.428404808044433594e-01
2.649594247341156006e-01 5.428404211997985840e-01
2.649594843387603760e-01 5.428404211997985840e-01
2.649594843387603760e-01 5.428404211997985840e-01
2.649594545364379883e-01 5.428404211997985840e-01
2.649594545364379883e-01 5.428404211997985840e-01
2.649594843387603760e-01 5.428404808044433594e-01
2.649594843387603760e-01 5.428404808044433594e-01
2.649594247341156006e-01 5.428404211997985840e-01
2.649594843387603760e-01 5.428404808044433594e-01
2.649595141410827637e-01 5.428404211997985840e-01
2.649594843387603760e-01 5.428404808044433594e-01
2.649594843387603760e-01 5.428404808044433594e-01
2.649594843387603760e-01 5.428404808044433594e-01
4.847045838832855225e-01 2.472728937864303589e-01
4.847046434879302979e-01 2.472729235887527466e-01
4.847046434879302979e-01 2.472729235887527466e-01
4.847046732902526855e-01 2.472728490829467773e-01
4.847046136856079102e-01 2.472728639841079712e-01
4.847047328948974609e-01 2.472728937864303589e-01
4.847047030925750732e-01 2.472728341817855835e-01
4.847047924995422363e-01 2.472728341817855835e-01
4.847047328948974609e-01 2.472729086875915527e-01
4.847046136856079102e-01 2.472728788852691650e-01
4.847047328948974609e-01 2.472729533910751343e-01
4.847047328948974609e-01 2.472728788852691650e-01
4.847045838832855225e-01 2.472729831933975220e-01
4.847045838832855225e-01 2.472730129957199097e-01
4.847046434879302979e-01 2.472728639841079712e-01
4.847047328948974609e-01 2.472728192806243896e-01
4.847047328948974609e-01 2.472728937864303589e-01
4.847047328948974609e-01 2.472728788852691650e-01
4.847046732902526855e-01 2.472728788852691650e-01
4.847046732902526855e-01 2.472728788852691650e-01
4.847047924995422363e-01 2.472728937864303589e-01
4.847047030925750732e-01 2.472729086875915527e-01
5.374095439910888672e-01 6.513257026672363281e-01
5.374094843864440918e-01 6.513255834579467773e-01
5.374095439910888672e-01 6.513257026672363281e-01
5.374095439910888672e-01 6.513257622718811035e-01
5.374095439910888672e-01 6.513257026672363281e-01
5.374094843864440918e-01 6.513255834579467773e-01
5.374093651771545410e-01 6.513257026672363281e-01
5.374094247817993164e-01 6.513257622718811035e-01
5.374094843864440918e-01 6.513257622718811035e-01
5.374096035957336426e-01 6.513257026672363281e-01
5.374094247817993164e-01 6.513257026672363281e-01
5.374094843864440918e-01 6.513255834579467773e-01
5.374096035957336426e-01 6.513257026672363281e-01
5.374095439910888672e-01 6.513255238533020020e-01
5.374095439910888672e-01 6.513255834579467773e-01
5.374094843864440918e-01 6.513257622718811035e-01
5.374094247817993164e-01 6.513257622718811035e-01
5.374094843864440918e-01 6.513255834579467773e-01
5.374094843864440918e-01 6.513257622718811035e-01
5.374094843864440918e-01 6.513255834579467773e-01
5.374094843864440918e-01 6.513257622718811035e-01
5.374094843864440918e-01 6.513255834579467773e-01
4.875703752040863037e-01 5.714300870895385742e-01
4.875703454017639160e-01 5.714300870895385742e-01
4.875704646110534668e-01 5.714301466941833496e-01
4.875704646110534668e-01 5.714302062988281250e-01
4.875703454017639160e-01 5.714300870895385742e-01
4.875704646110534668e-01 5.714300870895385742e-01
4.875703454017639160e-01 5.714300870895385742e-01
4.875703454017639160e-01 5.714300870895385742e-01
4.875704646110534668e-01 5.714301466941833496e-01
4.875705242156982422e-01 5.714301466941833496e-01
4.875705242156982422e-01 5.714301466941833496e-01
4.875705242156982422e-01 5.714301466941833496e-01
4.875704646110534668e-01 5.714300870895385742e-01
4.875704348087310791e-01 5.714300870895385742e-01
4.875703454017639160e-01 5.714301466941833496e-01
4.875703454017639160e-01 5.714301466941833496e-01
4.875703454017639160e-01 5.714300870895385742e-01
4.875703454017639160e-01 5.714300870895385742e-01
4.875704646110534668e-01 5.714301466941833496e-01
4.875703454017639160e-01 5.714300870895385742e-01
4.875703454017639160e-01 5.714302062988281250e-01
4.875705242156982422e-01 5.714301466941833496e-01
5.376743078231811523e-01 6.197471022605895996e-01
5.376741886138916016e-01 6.197472810745239258e-01
5.376744270324707031e-01 6.197470426559448242e-01
5.376744270324707031e-01 6.197472214698791504e-01
5.376743078231811523e-01 6.197470426559448242e-01
5.376743078231811523e-01 6.197471022605895996e-01
5.376743078231811523e-01 6.197471022605895996e-01
5.376744270324707031e-01 6.197470426559448242e-01
5.376743078231811523e-01 6.197471022605895996e-01
5.376743078231811523e-01 6.197472810745239258e-01
5.376743078231811523e-01 6.197471022605895996e-01
5.376743078231811523e-01 6.197471022605895996e-01
5.376743674278259277e-01 6.197471022605895996e-01
5.376743078231811523e-01 6.197472810745239258e-01
5.376741886138916016e-01 6.197470426559448242e-01
5.376743078231811523e-01 6.197472214698791504e-01
5.376743078231811523e-01 6.197469830513000488e-01
5.376743078231811523e-01 6.197471022605895996e-01
5.376741886138916016e-01 6.197470426559448242e-01
5.376744270324707031e-01 6.197470426559448242e-01
5.376743078231811523e-01 6.197471618652343750e-01
5.376743674278259277e-01 6.197471022605895996e-01
5.175760984420776367e-01 3.902141451835632324e-01
5.175760984420776367e-01 3.902143836021423340e-01
5.175760984420776367e-01 3.902143836021423340e-01
5.175760984420776367e-01 3.902143836021423340e-01
5.175760984420776367e-01 3.902143836021423340e-01
5.175760984420776367e-01 3.902143239974975586e-01
5.175759792327880859e-01 3.902142643928527832e-01
5.175760388374328613e-01 3.902142643928527832e-01
5.175759792327880859e-01 3.902142643928527832e-01
5.175760388374328613e-01 3.902142643928527832e-01
5.175759792327880859e-01 3.902142643928527832e-01
5.175760984420776367e-01 3.902143836021423340e-01
5.175760984420776367e-01 3.902143239974975586e-01
5.175760984420776367e-01 3.902143239974975586e-01
5.175761580467224121e-01 3.902142643928527832e-01
5.175760388374328613e-01 3.902142643928527832e-01
5.175760388374328613e-01 3.902142643928527832e-01
5.175760984420776367e-01 3.902143239974975586e-01
5.175760388374328613e-01 3.902142643928527832e-01
5.175760388374328613e-01 3.902142643928527832e-01
5.175760388374328613e-01 3.902142643928527832e-01
5.175760388374328613e-01 3.902142643928527832e-01
5.476045608520507812e-01 6.034810543060302734e-01
5.476045608520507812e-01 6.034810543060302734e-01
5.476045608520507812e-01 6.034811139106750488e-01
5.476045608520507812e-01 6.034810543060302734e-01
5.476045608520507812e-01 6.034810543060302734e-01
5.476045608520507812e-01 6.034810543060302734e-01
5.476045608520507812e-01 6.034810543060302734e-01
5.476045608520507812e-01 6.034809947013854980e-01
5.476045608520507812e-01 6.034809947013854980e-01
5.476045608520507812e-01 6.034810543060302734e-01
5.476045608520507812e-01 6.034810543060302734e-01
5.476045608520507812e-01 6.034810543060302734e-01
5.476045608520507812e-01 6.034810543060302734e-01
5.476044416427612305e-01 6.034810543060302734e-01
5.476045608520507812e-01 6.034810543060302734e-01
5.476045608520507812e-01 6.034810543060302734e-01
5.476045608520507812e-01 6.034810543060302734e-01
5.476045608520507812e-01 6.034810543060302734e-01
5.476045608520507812e-01 6.034810543060302734e-01
5.476045608520507812e-01 6.034810543060302734e-01
5.476045608520507812e-01 6.034810543060302734e-01
5.476045608520507812e-01 6.034809947013854980e-01
4.730740785598754883e-01 5.088596940040588379e-01
4.730741381645202637e-01 5.088596940040588379e-01
4.730740785598754883e-01 5.088596940040588379e-01
4.730739891529083252e-01 5.088596343994140625e-01
4.730741083621978760e-01 5.088595151901245117e-01
4.730741381645202637e-01 5.088594555854797363e-01
4.730741083621978760e-01 5.088596940040588379e-01
4.730741381645202637e-01 5.088596940040588379e-01
4.730741083621978760e-01 5.088596940040588379e-01
4.730741083621978760e-01 5.088596940040588379e-01
4.730741083621978760e-01 5.088596940040588379e-01
4.730739891529083252e-01 5.088596343994140625e-01
4.730741083621978760e-01 5.088596940040588379e-01
4.730739891529083252e-01 5.088594555854797363e-01
4.730741381645202637e-01 5.088596940040588379e-01
4.730739891529083252e-01 5.088596343994140625e-01
4.730739593505859375e-01 5.088595151901245117e-01
4.730741083621978760e-01 5.088596940040588379e-01
4.730740189552307129e-01 5.088595747947692871e-01
4.730741381645202637e-01 5.088596940040588379e-01
4.730741083621978760e-01 5.088596940040588379e-01
4.730741381645202637e-01 5.088596940040588379e-01
4.742945730686187744e-01 4.476349353790283203e-01
4.742945730686187744e-01 4.476349949836730957e-01
4.742945730686187744e-01 4.476349353790283203e-01
4.742945730686187744e-01 4.476350545883178711e-01
4.742946028709411621e-01 4.476349353790283203e-01
4.742945134639739990e-01 4.476349353790283203e-01
4.742945134639739990e-01 4.476349353790283203e-01
4.742945134639739990e-01 4.476349353790283203e-01
4.742945134639739990e-01 4.476349353790283203e-01
4.742945134639739990e-01 4.476348161697387695e-01
4.742945730686187744e-01 4.476350545883178711e-01
4.742945730686187744e-01 4.476349353790283203e-01
4.742945730686187744e-01 4.476349353790283203e-01
4.742945134639739990e-01 4.476349353790283203e-01
4.742945730686187744e-01 4.476349353790283203e-01
4.742944538593292236e-01 4.476348757743835449e-01
4.742945134639739990e-01 4.476348757743835449e-01
4.742946028709411621e-01 4.476349353790283203e-01
4.742945134639739990e-01 4.476349353790283203e-01
4.742945134639739990e-01 4.476350545883178711e-01
4.742945730686187744e-01 4.476348161697387695e-01
4.742944836616516113e-01 4.476348757743835449e-01
5.140726566314697266e-01 3.053509891033172607e-01
5.140726566314697266e-01 3.053510785102844238e-01
5.140726566314697266e-01 3.053510785102844238e-01
5.140727162361145020e-01 3.053510189056396484e-01
5.140726566314697266e-01 3.053510785102844238e-01
5.140726566314697266e-01 3.053510785102844238e-01
5.140726566314697266e-01 3.053510785102844238e-01
5.140726566314697266e-01 3.053510785102844238e-01
5.140726566314697266e-01 3.053510785102844238e-01
5.140726566314697266e-01 3.053510785102844238e-01
5.140726566314697266e-01 3.053510785102844238e-01
5.140726566314697266e-01 3.053510785102844238e-01
5.140726566314697266e-01 3.053510785102844238e-01
5.140726566314697266e-01 3.053510785102844238e-01
5.140726566314697266e-01 3.053510785102844238e-01
5.140726566314697266e-01 3.053510785102844238e-01
5.140726566314697266e-01 3.053510785102844238e-01
5.140726566314697266e-01 3.053510785102844238e-01
5.140726566314697266e-01 3.053510785102844238e-01
5.140727162361145020e-01 3.053510189056396484e-01
5.140727758407592773e-01 3.053509593009948730e-01
5.140726566314697266e-01 3.053510785102844238e-01
5.078761577606201172e-01 3.559314608573913574e-01
5.078761577606201172e-01 3.559314012527465820e-01
5.078762769699096680e-01 3.559315204620361328e-01
5.078761577606201172e-01 3.559314012527465820e-01
5.078761577606201172e-01 3.559314608573913574e-01
5.078761577606201172e-01 3.559314012527465820e-01
5.078761577606201172e-01 3.559314310550689697e-01
5.078761577606201172e-01 3.559314012527465820e-01
5.078761577606201172e-01 3.559313416481018066e-01
5.078761577606201172e-01 3.559315204620361328e-01
5.078762173652648926e-01 3.559314310550689697e-01
5.078761577606201172e-01 3.559313416481018066e-01
5.078761577606201172e-01 3.559314608573913574e-01
5.078761577606201172e-01 3.559313416481018066e-01
5.078761577606201172e-01 3.559314608573913574e-01
5.078762173652648926e-01 3.559314310550689697e-01
5.078760981559753418e-01 3.559314906597137451e-01
5.078761577606201172e-01 3.559314608573913574e-01
5.078761577606201172e-01 3.559314608573913574e-01
5.078762173652648926e-01 3.559314310550689697e-01
5.078761577606201172e-01 3.559314012527465820e-01
5.078761577606201172e-01 3.559314608573913574e-01
4.877009689807891846e-01 7.201679944992065430e-01
4.877007901668548584e-01 7.201680541038513184e-01
4.877008199691772461e-01 7.201680541038513184e-01
4.877007901668548584e-01 7.201679944992065430e-01
4.877009391784667969e-01 7.201679348945617676e-01
4.877009391784667969e-01 7.201679348945617676e-01
4.877009391784667969e-01 7.201679348945617676e-01
4.877008497714996338e-01 7.201679944992065430e-01
4.877007901668548584e-01 7.201680541038513184e-01
4.877007603645324707e-01 7.201681137084960938e-01
4.877008497714996338e-01 7.201680541038513184e-01
4.877009093761444092e-01 7.201680541038513184e-01
4.877009391784667969e-01 7.201679944992065430e-01
4.877009093761444092e-01 7.201680541038513184e-01
4.877007901668548584e-01 7.201680541038513184e-01
4.877008497714996338e-01 7.201679944992065430e-01
4.877009391784667969e-01 7.201679944992065430e-01
4.877008795738220215e-01 7.201680541038513184e-01
4.877007901668548584e-01 7.201680541038513184e-01
4.877008497714996338e-01 7.201679944992065430e-01
4.877008795738220215e-01 7.201680541038513184e-01
4.877007901668548584e-01 7.201680541038513184e-01
5.952920913696289062e-01 2.474005073308944702e-01
5.952922105789184570e-01 2.474004477262496948e-01
5.952922105789184570e-01 2.474005669355392456e-01
5.952922105789184570e-01 2.474004477262496948e-01
5.952923297882080078e-01 2.474003583192825317e-01
5.952920913696289062e-01 2.474004477262496948e-01
5.952923297882080078e-01 2.474003285169601440e-01
5.952922105789184570e-01 2.474004477262496948e-01
5.952923297882080078e-01 2.474003285169601440e-01
5.952920913696289062e-01 2.474004924297332764e-01
5.952922105789184570e-01 2.474004477262496948e-01
5.952922105789184570e-01 2.474004179239273071e-01
5.952922105789184570e-01 2.474004626274108887e-01
5.952922105789184570e-01 2.474004924297332764e-01
5.952923297882080078e-01 2.474004328250885010e-01
5.952922105789184570e-01 2.474003881216049194e-01
5.952920913696289062e-01 2.474004477262496948e-01
5.952920913696289062e-01 2.474005073308944702e-01
5.952922105789184570e-01 2.474003881216049194e-01
5.952922105789184570e-01 2.474004626274108887e-01
5.952922105789184570e-01 2.474003881216049194e-01
5.952922105789184570e-01 2.474004477262496948e-01
5.415859818458557129e-01 3.824729323387145996e-01
5.415861606597900391e-01 3.824729919433593750e-01
5.415861606597900391e-01 3.824729919433593750e-01
5.415861606597900391e-01 3.824729919433593750e-01
5.415861606597900391e-01 3.824729919433593750e-01
5.415862202644348145e-01 3.824729919433593750e-01
5.415861606597900391e-01 3.824729919433593750e-01
5.415861606597900391e-01 3.824729919433593750e-01
5.415861606597900391e-01 3.824729919433593750e-01
5.415862202644348145e-01 3.824731111526489258e-01
5.415859818458557129e-01 3.824729919433593750e-01
5.415861606597900391e-01 3.824729919433593750e-01
5.415861606597900391e-01 3.824730515480041504e-01
5.415861606597900391e-01 3.824730515480041504e-01
5.415861606597900391e-01 3.824729919433593750e-01
5.415861606597900391e-01 3.824729919433593750e-01
5.415860414505004883e-01 3.824728727340698242e-01
5.415863394737243652e-01 3.824729919433593750e-01
5.415861606597900391e-01 3.824729919433593750e-01
5.415861606597900391e-01 3.824729919433593750e-01
5.415859222412109375e-01 3.824730515480041504e-01
5.415861606597900391e-01 3.824729919433593750e-01
6.430632472038269043e-01 5.175244212150573730e-01
6.430632472038269043e-01 5.175243616104125977e-01
6.430634260177612305e-01 5.175244808197021484e-01
6.430631875991821289e-01 5.175243616104125977e-01
6.430632472038269043e-01 5.175244212150573730e-01
6.430633664131164551e-01 5.175244808197021484e-01
6.430632472038269043e-01 5.175244212150573730e-01
6.430632472038269043e-01 5.175244212150573730e-01
6.430633664131164551e-01 5.175244808197021484e-01
6.430634260177612305e-01 5.175243616104125977e-01
6.430634260177612305e-01 5.175243616104125977e-01
6.430634260177612305e-01 5.175243616104125977e-01
6.430633068084716797e-01 5.175245404243469238e-01
6.430631875991821289e-01 5.175245404243469238e-01
6.430633664131164551e-01 5.175244808197021484e-01
6.430633068084716797e-01 5.175244212150573730e-01
6.430631875991821289e-01 5.175243616104125977e-01
6.430632472038269043e-01 5.175243616104125977e-01
6.430634260177612305e-01 5.175243616104125977e-01
6.430633664131164551e-01 5.175244808197021484e-01
6.430634260177612305e-01 5.175244808197021484e-01
6.430634260177612305e-01 5.175244808197021484e-01
5.567429661750793457e-01 4.791982769966125488e-01
5.567429065704345703e-01 4.791983366012573242e-01
5.567427873611450195e-01 4.791982173919677734e-01
5.567429065704345703e-01 4.791983962059020996e-01
5.567427873611450195e-01 4.791984558105468750e-01
5.567429065704345703e-01 4.791982173919677734e-01
5.567430257797241211e-01 4.791982173919677734e-01
5.567429065704345703e-01 4.791982769966125488e-01
5.567429065704345703e-01 4.791982769966125488e-01
5.567429065704345703e-01 4.791983366012573242e-01
5.567429065704345703e-01 4.791983962059020996e-01
5.567429065704345703e-01 4.791983962059020996e-01
5.567429661750793457e-01 4.791982769966125488e-01
5.567429065704345703e-01 4.791983962059020996e-01
5.567429065704345703e-01 4.791983962059020996e-01
5.567429065704345703e-01 4.791983366012573242e-01
5.567427873611450195e-01 4.791985154151916504e-01
5.567427873611450195e-01 4.791984558105468750e-01
5.567429065704345703e-01 4.791983366012573242e-01
5.567429065704345703e-01 4.791983962059020996e-01
5.567429661750793457e-01 4.791983366012573242e-01
5.567427873611450195e-01 4.791984558105468750e-01
5.734109878540039062e-01 6.806441545486450195e-01
5.734108686447143555e-01 6.806440353393554688e-01
5.734109878540039062e-01 6.806441545486450195e-01
5.734109878540039062e-01 6.806441545486450195e-01
5.734108686447143555e-01 6.806440353393554688e-01
5.734109878540039062e-01 6.806441545486450195e-01
5.734108686447143555e-01 6.806440353393554688e-01
5.734109878540039062e-01 6.806441545486450195e-01
5.734109878540039062e-01 6.806441545486450195e-01
5.734109878540039062e-01 6.806440353393554688e-01
5.734108686447143555e-01 6.806440949440002441e-01
5.734108686447143555e-01 6.806439161300659180e-01
5.734108686447143555e-01 6.806440353393554688e-01
5.734108686447143555e-01 6.806440949440002441e-01
5.734107494354248047e-01 6.806439757347106934e-01
5.734108686447143555e-01 6.806440353393554688e-01
5.734109878540039062e-01 6.806441545486450195e-01
5.734108686447143555e-01 6.806439161300659180e-01
5.734108686447143555e-01 6.806439161300659180e-01
5.734109878540039062e-01 6.806440353393554688e-01
5.734109878540039062e-01 6.806439757347106934e-01
5.734107494354248047e-01 6.806440353393554688e-01
5.507049560546875000e-01 3.660207986831665039e-01
5.507049560546875000e-01 3.660206794738769531e-01
5.507049560546875000e-01 3.660207986831665039e-01
5.507050752639770508e-01 3.660207390785217285e-01
5.507051944732666016e-01 3.660206794738769531e-01
5.507051348686218262e-01 3.660207390785217285e-01
5.507050752639770508e-01 3.660207390785217285e-01
5.507050752639770508e-01 3.660207390785217285e-01
5.507049560546875000e-01 3.660206198692321777e-01
5.507050752639770508e-01 3.660207390785217285e-01
5.507049560546875000e-01 3.660206794738769531e-01
5.507050752639770508e-01 3.660207390785217285e-01
5.507049560546875000e-01 3.660207390785217285e-01
5.507051348686218262e-01 3.660207986831665039e-01
5.507049560546875000e-01 3.660207390785217285e-01
5.507051348686218262e-01 3.660207986831665039e-01
5.507050752639770508e-01 3.660207390785217285e-01
5.507050752639770508e-01 3.660207390785217285e-01
5.507050752639770508e-01 3.660206794738769531e-01
5.507049560546875000e-01 3.660206794738769531e-01
5.507051348686218262e-01 3.660206794738769531e-01
5.507050752639770508e-01 3.660207390785217285e-01
5.383734703063964844e-01 4.233549833297729492e-01
5.383732318878173828e-01 4.233551621437072754e-01
5.383732318878173828e-01 4.233551621437072754e-01
5.383734703063964844e-01 4.233550429344177246e-01
5.383734703063964844e-01 4.233550429344177246e-01
5.383734703063964844e-01 4.233549833297729492e-01
5.383734703063964844e-01 4.233550429344177246e-01
5.383733510971069336e-01 4.233549833297729492e-01
5.383732318878173828e-01 4.233551621437072754e-01
5.383734703063964844e-01 4.233550429344177246e-01
5.383734703063964844e-01 4.233550429344177246e-01
5.383732318878173828e-01 4.233551621437072754e-01
5.383734703063964844e-01 4.233550429344177246e-01
5.383732318878173828e-01 4.233552217483520508e-01
5.383734703063964844e-01 4.233550429344177246e-01
5.383734703063964844e-01 4.233550429344177246e-01
5.383732914924621582e-01 4.233550429344177246e-01
5.383732318878173828e-01 4.233551621437072754e-01
5.383732318878173828e-01 4.233551621437072754e-01
5.383732318878173828e-01 4.233551621437072754e-01
5.383733510971069336e-01 4.233549833297729492e-01
5.383732318878173828e-01 4.233551621437072754e-01
5.051238536834716797e-01 3.473089933395385742e-01
5.051237344741821289e-01 3.473089337348937988e-01
5.051236152648925781e-01 3.473090231418609619e-01
5.051237344741821289e-01 3.473089337348937988e-01
5.051237940788269043e-01 3.473089337348937988e-01
5.051236152648925781e-01 3.473090231418609619e-01
5.051236152648925781e-01 3.473089933395385742e-01
5.051236152648925781e-01 3.473090231418609619e-01
5.051236152648925781e-01 3.473090231418609619e-01
5.051236152648925781e-01 3.473090231418609619e-01
5.051236152648925781e-01 3.473090231418609619e-01
5.051236152648925781e-01 3.473090231418609619e-01
5.051237344741821289e-01 3.473089337348937988e-01
5.051237344741821289e-01 3.473089337348937988e-01
5.051236152648925781e-01 3.473090231418609619e-01
5.051236152648925781e-01 3.473090231418609619e-01
5.051238536834716797e-01 3.473089933395385742e-01
5.051236152648925781e-01 3.473090231418609619e-01
5.051236152648925781e-01 3.473090231418609619e-01
5.051237344741821289e-01 3.473089337348937988e-01
5.051236152648925781e-01 3.473090231418609619e-01
5.051236152648925781e-01 3.473090231418609619e-01
5.464015007019042969e-01 4.421717524528503418e-01
5.464013218879699707e-01 4.421716332435607910e-01
5.464013814926147461e-01 4.421718120574951172e-01
5.464013814926147461e-01 4.421719908714294434e-01
5.464015007019042969e-01 4.421717524528503418e-01
5.464012622833251953e-01 4.421716928482055664e-01
5.464014410972595215e-01 4.421718120574951172e-01
5.464015007019042969e-01 4.421718120574951172e-01
5.464013218879699707e-01 4.421716332435607910e-01
5.464013218879699707e-01 4.421718716621398926e-01
5.464014410972595215e-01 4.421715736389160156e-01
5.464012622833251953e-01 4.421717524528503418e-01
5.464013814926147461e-01 4.421718120574951172e-01
5.464012622833251953e-01 4.421718716621398926e-01
5.464014410972595215e-01 4.421718716621398926e-01
5.464013218879699707e-01 4.421716928482055664e-01
5.464013814926147461e-01 4.421718120574951172e-01
5.464013814926147461e-01 4.421716928482055664e-01
5.464015007019042969e-01 4.421717524528503418e-01
5.464014410972595215e-01 4.421719312667846680e-01
5.464014410972595215e-01 4.421718716621398926e-01
5.464012622833251953e-01 4.421719312667846680e-01
3.966529369354248047e-01 5.922071337699890137e-01
3.966526687145233154e-01 5.922070741653442383e-01
3.966527581214904785e-01 5.922070741653442383e-01
3.966527581214904785e-01 5.922070145606994629e-01
3.966528773307800293e-01 5.922071337699890137e-01
3.966526985168457031e-01 5.922070145606994629e-01
3.966526985168457031e-01 5.922071933746337891e-01
3.966528773307800293e-01 5.922070145606994629e-01
3.966526687145233154e-01 5.922070741653442383e-01
3.966526985168457031e-01 5.922070145606994629e-01
3.966528773307800293e-01 5.922071337699890137e-01
3.966528177261352539e-01 5.922070741653442383e-01
3.966529369354248047e-01 5.922070145606994629e-01
3.966526687145233154e-01 5.922070741653442383e-01
3.966528177261352539e-01 5.922070741653442383e-01
3.966529369354248047e-01 5.922070145606994629e-01
3.966526985168457031e-01 5.922070145606994629e-01
3.966526985168457031e-01 5.922070145606994629e-01
3.966526985168457031e-01 5.922070145606994629e-01
3.966528177261352539e-01 5.922070741653442383e-01
3.966526985168457031e-01 5.922070145606994629e-01
3.966529369354248047e-01 5.922070145606994629e-01
5.851382017135620117e-01 4.617914557456970215e-01
5.851379632949829102e-01 4.617915749549865723e-01
5.851379632949829102e-01 4.617915153503417969e-01
5.851379632949829102e-01 4.617915749549865723e-01
5.851379036903381348e-01 4.617915153503417969e-01
5.851381421089172363e-01 4.617915153503417969e-01
5.851379632949829102e-01 4.617915153503417969e-01
5.851382017135620117e-01 4.617914557456970215e-01
5.851380228996276855e-01 4.617915153503417969e-01
5.851380228996276855e-01 4.617915153503417969e-01
5.851379632949829102e-01 4.617914557456970215e-01
5.851380825042724609e-01 4.617916941642761230e-01
5.851378440856933594e-01 4.617915153503417969e-01
5.851379632949829102e-01 4.617914557456970215e-01
5.851379632949829102e-01 4.617915153503417969e-01
5.851379632949829102e-01 4.617915749549865723e-01
5.851379632949829102e-01 4.617915749549865723e-01
5.851381421089172363e-01 4.617915153503417969e-01
5.851378440856933594e-01 4.617914557456970215e-01
5.851379036903381348e-01 4.617915153503417969e-01
5.851379632949829102e-01 4.617915153503417969e-01
5.851380825042724609e-01 4.617916941642761230e-01
5.361618995666503906e-01 2.245791852474212646e-01
5.361618995666503906e-01 2.245791554450988770e-01
5.361618995666503906e-01 2.245791852474212646e-01
5.361620187759399414e-01 2.245791703462600708e-01
5.361620187759399414e-01 2.245791703462600708e-01
5.361620783805847168e-01 2.245792150497436523e-01
5.361620187759399414e-01 2.245791703462600708e-01
5.361619591712951660e-01 2.245791107416152954e-01
5.361620187759399414e-01 2.245791554450988770e-01
5.361618995666503906e-01 2.245791405439376831e-01
5.361618995666503906e-01 2.245790809392929077e-01
5.361618399620056152e-01 2.245792001485824585e-01
5.361620187759399414e-01 2.245791256427764893e-01
5.361621379852294922e-01 2.245791256427764893e-01
5.361619591712951660e-01 2.245792150497436523e-01
5.361619591712951660e-01 2.245791405439376831e-01
5.361618995666503906e-01 2.245791852474212646e-01
5.361620783805847168e-01 2.245791703462600708e-01
5.361618995666503906e-01 2.245791852474212646e-01
5.361619591712951660e-01 2.245792001485824585e-01
5.361620187759399414e-01 2.245791554450988770e-01
5.361618995666503906e-01 2.245791852474212646e-01
5.213308334350585938e-01 5.663679838180541992e-01
5.213308930397033691e-01 5.663681030273437500e-01
5.213310122489929199e-01 5.663680434226989746e-01
5.213309526443481445e-01 5.663681030273437500e-01
5.213308930397033691e-01 5.663680434226989746e-01
5.213310122489929199e-01 5.663680434226989746e-01
5.213309526443481445e-01 5.663680434226989746e-01
5.213309526443481445e-01 5.663681030273437500e-01
5.213310122489929199e-01 5.663680434226989746e-01
5.213308334350585938e-01 5.663680434226989746e-01
5.213308334350585938e-01 5.663680434226989746e-01
5.213308930397033691e-01 5.663681030273437500e-01
5.213308334350585938e-01 5.663681030273437500e-01
5.213309526443481445e-01 5.663681030273437500e-01
5.213309526443481445e-01 5.663681030273437500e-01
5.213309526443481445e-01 5.663681030273437500e-01
5.213309526443481445e-01 5.663681030273437500e-01
5.213309526443481445e-01 5.663681030273437500e-01
5.213308334350585938e-01 5.663679242134094238e-01
5.213308334350585938e-01 5.663681626319885254e-01
5.213308334350585938e-01 5.663680434226989746e-01
5.213309526443481445e-01 5.663681030273437500e-01
4.922526478767395020e-01 3.711258172988891602e-01
4.922525882720947266e-01 3.711258769035339355e-01
4.922525882720947266e-01 3.711258172988891602e-01
4.922526478767395020e-01 3.711258172988891602e-01
4.922527670860290527e-01 3.711258172988891602e-01
4.922525882720947266e-01 3.711258172988891602e-01
4.922525882720947266e-01 3.711258769035339355e-01
4.922525882720947266e-01 3.711258769035339355e-01
4.922525286674499512e-01 3.711259365081787109e-01
4.922525882720947266e-01 3.711258172988891602e-01
4.922526180744171143e-01 3.711258172988891602e-01
4.922525286674499512e-01 3.711258769035339355e-01
4.922526180744171143e-01 3.711258172988891602e-01
4.922525882720947266e-01 3.711258769035339355e-01
4.922525882720947266e-01 3.711259365081787109e-01
4.922526478767395020e-01 3.711258172988891602e-01
4.922525882720947266e-01 3.711258769035339355e-01
4.922525882720947266e-01 3.711258769035339355e-01
4.922526478767395020e-01 3.711258172988891602e-01
4.922525882720947266e-01 3.711258769035339355e-01
4.922525882720947266e-01 3.711258172988891602e-01
4.922525882720947266e-01 3.711258172988891602e-01
4.942357242107391357e-01 7.664011716842651367e-01
4.942355155944824219e-01 7.664014101028442383e-01
4.942357242107391357e-01 7.664011716842651367e-01
4.942357540130615234e-01 7.664013504981994629e-01
4.942356944084167480e-01 7.664012908935546875e-01
4.942355751991271973e-01 7.664013504981994629e-01
4.942356944084167480e-01 7.664012908935546875e-01
4.942356944084167480e-01 7.664012312889099121e-01
4.942355453968048096e-01 7.664012312889099121e-01
4.942356348037719727e-01 7.664012312889099121e-01
4.942356646060943604e-01 7.664012312889099121e-01
4.942357838153839111e-01 7.664011120796203613e-01
4.942357242107391357e-01 7.664011716842651367e-01
4.942356348037719727e-01 7.664012908935546875e-01
4.942356944084167480e-01 7.664012908935546875e-01
4.942356348037719727e-01 7.664012908935546875e-01
4.942358136177062988e-01 7.664011120796203613e-01
4.942356050014495850e-01 7.664014101028442383e-01
4.942358136177062988e-01 7.664011120796203613e-01
4.942356348037719727e-01 7.664012312889099121e-01
4.942357838153839111e-01 7.664011716842651367e-01
4.942357540130615234e-01 7.664011716842651367e-01
1.084983721375465393e-01 7.228046655654907227e-01
1.084983274340629578e-01 7.228046655654907227e-01
1.084983423352241516e-01 7.228045463562011719e-01
1.084983274340629578e-01 7.228045463562011719e-01
1.084983944892883301e-01 7.228046059608459473e-01
1.084982678294181824e-01 7.228047251701354980e-01
1.084983050823211670e-01 7.228046059608459473e-01
1.084984093904495239e-01 7.228045463562011719e-01
1.084982976317405701e-01 7.228046059608459473e-01
1.084983944892883301e-01 7.228045463562011719e-01
1.084983572363853455e-01 7.228046059608459473e-01
1.084984615445137024e-01 7.228046059608459473e-01
1.084983125329017639e-01 7.228046655654907227e-01
1.084983423352241516e-01 7.228044867515563965e-01
1.084983274340629578e-01 7.228046655654907227e-01
1.084982976317405701e-01 7.228044867515563965e-01
1.084983497858047485e-01 7.228046059608459473e-01
1.084982752799987793e-01 7.228046655654907227e-01
1.084983572363853455e-01 7.228046059608459473e-01
1.084983795881271362e-01 7.228046059608459473e-01
1.084983199834823608e-01 7.228046059608459473e-01
1.084983572363853455e-01 7.228045463562011719e-01
4.196964204311370850e-01 4.921197891235351562e-01
4.196965992450714111e-01 4.921197891235351562e-01
4.196965098381042480e-01 4.921197295188903809e-01
4.196965098381042480e-01 4.921197295188903809e-01
4.196965098381042480e-01 4.921197295188903809e-01
4.196965098381042480e-01 4.921197295188903809e-01
4.196965098381042480e-01 4.921197295188903809e-01
4.196965396404266357e-01 4.921197295188903809e-01
4.196965098381042480e-01 4.921197295188903809e-01
4.196965098381042480e-01 4.921197295188903809e-01
4.196965098381042480e-01 4.921196699142456055e-01
4.196964502334594727e-01 4.921196699142456055e-01
4.196965098381042480e-01 4.921196699142456055e-01
4.196965098381042480e-01 4.921197295188903809e-01
4.196965396404266357e-01 4.921197295188903809e-01
4.196965098381042480e-01 4.921197295188903809e-01
4.196965098381042480e-01 4.921197295188903809e-01
4.196965098381042480e-01 4.921197295188903809e-01
4.196965098381042480e-01 4.921197295188903809e-01
4.196964502334594727e-01 4.921196699142456055e-01
4.196965098381042480e-01 4.921196699142456055e-01
4.196965098381042480e-01 4.921197295188903809e-01
