3.613100051879882812e-01 9.364600181579589844e-01
4.732199907302856445e-01 9.752900004386901855e-01
4.729099869728088379e-01 9.776800274848937988e-01
4.726200103759765625e-01 9.796699881553649902e-01
4.811800122261047363e-01 1.006600022315979004e+00
3.773399889469146729e-01 9.284899830818176270e-01
3.864000141620635986e-01 9.320899844169616699e-01
3.957099914550781250e-01 9.362699985504150391e-01
4.016799926757812500e-01 9.377400279045104980e-01
4.026400148868560791e-01 9.352999925613403320e-01
3.946000039577484131e-01 9.257699847221374512e-01
3.768599927425384521e-01 9.171599745750427246e-01
3.387700021266937256e-01 8.984299898147583008e-01
2.918399870395660400e-01 8.762999773025512695e-01
1.941100060939788818e-01 8.163800239562988281e-01
1.983300000429153442e-01 8.084899783134460449e-01
1.987300068140029907e-01 8.087800145149230957e-01
1.970999985933303833e-01 8.129400014877319336e-01
1.954399943351745605e-01 8.179900050163269043e-01
1.983100026845932007e-01 8.189499974250793457e-01
2.023099958896636963e-01 8.210399746894836426e-01
2.031700015068054199e-01 8.213499784469604492e-01
6.328399777412414551e-01 6.581799983978271484e-01
6.667500138282775879e-01 6.570199728012084961e-01
6.662499904632568359e-01 6.575700044631958008e-01
6.663699746131896973e-01 6.571999788284301758e-01
8.140000104904174805e-01 6.369500160217285156e-01
4.448400139808654785e-01 6.032900214195251465e-01
5.081800222396850586e-01 6.191700100898742676e-01
6.223499774932861328e-01 6.201199889183044434e-01
4.477100074291229248e-01 6.338899731636047363e-01
4.484499990940093994e-01 6.343200206756591797e-01
4.861100018024444580e-01 6.395699977874755859e-01
5.127800107002258301e-01 6.366199851036071777e-01
5.385900139808654785e-01 6.412699818611145020e-01
5.368700027465820312e-01 6.428099870681762695e-01
5.362399816513061523e-01 6.428200006484985352e-01
5.363799929618835449e-01 6.438400149345397949e-01
6.326599717140197754e-01 6.568300127983093262e-01
6.331899762153625488e-01 6.573899984359741211e-01
6.325399875640869141e-01 6.571800112724304199e-01
6.324399709701538086e-01 6.576399803161621094e-01
6.323699951171875000e-01 6.581000089645385742e-01
6.322699785232543945e-01 6.568899750709533691e-01
3.442200124263763428e-01 8.204100131988525391e-01
3.651399910449981689e-01 8.296999931335449219e-01
3.930599987506866455e-01 8.298400044441223145e-01
4.260999858379364014e-01 8.097599744796752930e-01
6.211100220680236816e-01 7.522299885749816895e-01
6.210799813270568848e-01 7.470999956130981445e-01
6.207299828529357910e-01 7.455300092697143555e-01
5.882599949836730957e-01 7.607300281524658203e-01
5.877299904823303223e-01 7.600299715995788574e-01
5.871300101280212402e-01 7.585300207138061523e-01
5.867699980735778809e-01 7.574599981307983398e-01
5.882999897003173828e-01 7.610399723052978516e-01
5.879200100898742676e-01 7.593799829483032227e-01
5.749899744987487793e-01 7.570400238037109375e-01
5.759400129318237305e-01 7.608500123023986816e-01
5.765200257301330566e-01 7.608100175857543945e-01
5.765699744224548340e-01 7.591699957847595215e-01
5.762799978256225586e-01 7.569100260734558105e-01
5.759400129318237305e-01 7.552099823951721191e-01
5.757899880409240723e-01 7.550100088119506836e-01
5.758299827575683594e-01 7.558699846267700195e-01
5.764600038528442383e-01 7.560799717903137207e-01
6.647999882698059082e-01 5.490599870681762695e-01
6.606299877166748047e-01 5.534899830818176270e-01
5.890700221061706543e-01 5.815500020980834961e-01
5.811499953269958496e-01 5.848100185394287109e-01
5.748299956321716309e-01 5.900899767875671387e-01
5.708600282669067383e-01 5.952900052070617676e-01
5.694900155067443848e-01 5.962899923324584961e-01
5.696099996566772461e-01 5.961499810218811035e-01
5.699700117111206055e-01 5.978000164031982422e-01
3.801400065422058105e-01 8.021699786186218262e-01
2.970499992370605469e-01 8.381699919700622559e-01
3.454299867153167725e-01 8.145700097084045410e-01
3.431099951267242432e-01 8.142200112342834473e-01
3.566800057888031006e-01 8.066999912261962891e-01
3.657200038433074951e-01 7.993599772453308105e-01
3.761999905109405518e-01 7.580699920654296875e-01
3.797500133514404297e-01 7.578600049018859863e-01
3.842999935150146484e-01 7.559300065040588379e-01
3.977099955081939697e-01 7.418699860572814941e-01
4.138300120830535889e-01 7.170100212097167969e-01
4.166800081729888916e-01 7.178699970245361328e-01
4.181500077247619629e-01 7.170799970626831055e-01
4.972899854183197021e-01 2.445800006389617920e-01
4.408900141716003418e-01 5.253300070762634277e-01
4.597100019454956055e-01 5.242099761962890625e-01
4.804500043392181396e-01 5.413299798965454102e-01
4.871200025081634521e-01 5.458599925041198730e-01
4.922899901866912842e-01 5.655699968338012695e-01
4.936800003051757812e-01 5.744799971580505371e-01
4.925700128078460693e-01 5.787500143051147461e-01
5.451999902725219727e-01 5.312899947166442871e-01
4.997699856758117676e-01 5.276100039482116699e-01
4.842399954795837402e-01 5.283300280570983887e-01
4.876900017261505127e-01 5.307899713516235352e-01
4.909299910068511963e-01 5.330600142478942871e-01
4.914099872112274170e-01 5.414900183677673340e-01
4.852400124073028564e-01 5.190600156784057617e-01
4.862999916076660156e-01 5.295199751853942871e-01
4.923500120639801025e-01 4.862399995326995850e-01
5.099300146102905273e-01 2.928799986839294434e-01
5.222200155258178711e-01 1.242799982428550720e-01
5.153099894523620605e-01 3.341900110244750977e-01
5.078700184822082520e-01 6.433899998664855957e-01
5.131199955940246582e-01 5.940499901771545410e-01
5.792300105094909668e-01 6.370900273323059082e-01
5.758600234985351562e-01 6.186599731445312500e-01
5.756599903106689453e-01 6.184300184249877930e-01
5.761600136756896973e-01 6.185700297355651855e-01
5.762299895286560059e-01 6.189500093460083008e-01
5.757300257682800293e-01 6.183900237083435059e-01
5.762699842453002930e-01 6.152099967002868652e-01
5.760099887847900391e-01 6.183400154113769531e-01
5.789600014686584473e-01 6.362800002098083496e-01
5.782099962234497070e-01 6.351199746131896973e-01
5.784500241279602051e-01 6.350799798965454102e-01
5.785300135612487793e-01 6.362100243568420410e-01
5.782899856567382812e-01 6.368499994277954102e-01
4.680399894714355469e-01 6.059899926185607910e-01
5.705400109291076660e-01 6.024699807167053223e-01
5.810300111770629883e-01 6.131799817085266113e-01
5.812799930572509766e-01 6.139100193977355957e-01
5.774099826812744141e-01 6.165000200271606445e-01
5.772699713706970215e-01 6.168000102043151855e-01
5.771800279617309570e-01 6.162899732589721680e-01
5.766900181770324707e-01 6.174100041389465332e-01
5.769199728965759277e-01 6.184599995613098145e-01
5.939700007438659668e-01 6.249200105667114258e-01
5.740600228309631348e-01 6.295199990272521973e-01
5.726100206375122070e-01 6.310999989509582520e-01
5.705999732017517090e-01 6.295300126075744629e-01
5.698800086975097656e-01 6.282399892807006836e-01
5.694199800491333008e-01 6.286399960517883301e-01
5.669500231742858887e-01 6.288800239562988281e-01
4.579600095748901367e-01 6.283900141716003418e-01
4.614900052547454834e-01 6.288899779319763184e-01
4.678499996662139893e-01 6.189500093460083008e-01
4.735800027847290039e-01 6.213200092315673828e-01
4.699299931526184082e-01 5.651299953460693359e-01
4.704200029373168945e-01 5.671700239181518555e-01
4.703899919986724854e-01 5.701299905776977539e-01
4.634500145912170410e-01 5.927199721336364746e-01
4.640400111675262451e-01 5.930399894714355469e-01
5.233799815177917480e-01 6.285499930381774902e-01
5.234500169754028320e-01 6.296200156211853027e-01
5.982199907302856445e-01 6.237599849700927734e-01
5.964999794960021973e-01 6.208999752998352051e-01
5.959100127220153809e-01 6.234700083732604980e-01
5.945600271224975586e-01 6.235299706459045410e-01
4.438599944114685059e-01 4.269799888134002686e-01
4.442299902439117432e-01 4.277299940586090088e-01
4.439300000667572021e-01 4.289999902248382568e-01
4.273500144481658936e-01 2.869400084018707275e-01
4.207699894905090332e-01 2.065600007772445679e-01
4.350900053977966309e-01 1.804800033569335938e-01
4.374800026416778564e-01 1.857900023460388184e-01
4.800100028514862061e-01 3.668799996376037598e-01
4.350399971008300781e-01 4.562399983406066895e-01
4.791100025177001953e-01 3.675299882888793945e-01
4.788700044155120850e-01 3.677600026130676270e-01
4.778600037097930908e-01 3.694199919700622559e-01
4.741800129413604736e-01 2.723700106143951416e-01
4.937399923801422119e-01 3.742600083351135254e-01
4.350300133228302002e-01 2.938799858093261719e-01
4.027900099754333496e-01 2.784599959850311279e-01
4.025399982929229736e-01 2.781899869441986084e-01
4.018499851226806641e-01 2.782300114631652832e-01
3.907499909400939941e-01 3.858999907970428467e-01
4.139299988746643066e-01 2.638899981975555420e-01
4.461399912834167480e-01 1.862300038337707520e-01
4.440200030803680420e-01 1.835100054740905762e-01
4.825600087642669678e-01 7.345499992370605469e-01
4.669199883937835693e-01 8.535199761390686035e-01
4.873099923133850098e-01 8.415600061416625977e-01
4.786300063133239746e-01 7.398700118064880371e-01
4.781199991703033447e-01 7.381399869918823242e-01
4.822199940681457520e-01 7.737699747085571289e-01
4.835000038146972656e-01 7.757899761199951172e-01
4.824300110340118408e-01 7.785800099372863770e-01
4.819200038909912109e-01 7.585700154304504395e-01
4.856700003147125244e-01 7.828599810600280762e-01
4.848499894142150879e-01 7.878999710083007812e-01
4.842999875545501709e-01 7.916200160980224609e-01
4.846400022506713867e-01 7.935699820518493652e-01
4.846000075340270996e-01 7.966399788856506348e-01
4.842599928379058838e-01 8.074799776077270508e-01
4.853299856185913086e-01 8.114299774169921875e-01
4.858100116252899170e-01 8.123199939727783203e-01
4.874899983406066895e-01 8.001099824905395508e-01
4.877400100231170654e-01 8.001800179481506348e-01
4.909999966621398926e-01 7.966899871826171875e-01
5.036100149154663086e-01 7.791200280189514160e-01
5.047900080680847168e-01 7.822399735450744629e-01
5.282400250434875488e-01 6.405500173568725586e-01
5.299500226974487305e-01 6.533200144767761230e-01
5.291000008583068848e-01 6.546499729156494141e-01
5.299199819564819336e-01 6.568700075149536133e-01
5.299800038337707520e-01 6.587899923324584961e-01
4.781000018119812012e-01 4.553999900817871094e-01
4.445199966430664062e-01 4.623500108718872070e-01
4.484199881553649902e-01 4.667299985885620117e-01
4.484199881553649902e-01 4.682700037956237793e-01
4.789200127124786377e-01 4.695200026035308838e-01
4.800100028514862061e-01 4.753899872303009033e-01
4.805600047111511230e-01 4.876999855041503906e-01
4.804899990558624268e-01 4.898799955844879150e-01
4.801500141620635986e-01 5.003799796104431152e-01
4.934000074863433838e-01 6.564700007438659668e-01
4.870499968528747559e-01 6.410300135612487793e-01
5.165799856185913086e-01 6.436700224876403809e-01
5.169000029563903809e-01 6.442000269889831543e-01
5.156400203704833984e-01 6.438199877738952637e-01
5.160499811172485352e-01 6.440299749374389648e-01
5.167300105094909668e-01 6.444900035858154297e-01
5.175399780273437500e-01 6.444200277328491211e-01
5.120800137519836426e-01 4.467400014400482178e-01
5.358300209045410156e-01 3.690600097179412842e-01
4.927200078964233398e-01 3.272599875926971436e-01
5.139099955558776855e-01 3.594599962234497070e-01
5.742899775505065918e-01 3.297500014305114746e-01
5.737800002098083496e-01 3.265900015830993652e-01
5.751600265502929688e-01 3.224999904632568359e-01
5.565900206565856934e-01 3.427399992942810059e-01
5.220199823379516602e-01 3.067399859428405762e-01
4.855000078678131104e-01 4.095200002193450928e-01
5.137100219726562500e-01 4.475800096988677979e-01
4.905300140380859375e-01 4.635500013828277588e-01
4.993000030517578125e-01 3.879300057888031006e-01
4.639100134372711182e-01 3.524700105190277100e-01
4.645699858665466309e-01 3.479099869728088379e-01
4.639500081539154053e-01 3.408800065517425537e-01
4.635899960994720459e-01 3.240700066089630127e-01
5.385599732398986816e-01 4.907200038433074951e-01
5.171300172805786133e-01 4.765900075435638428e-01
5.180299878120422363e-01 4.604899883270263672e-01
5.099099874496459961e-01 4.496000111103057861e-01
5.101699829101562500e-01 4.509499967098236084e-01
4.684399962425231934e-01 3.738999962806701660e-01
4.683600068092346191e-01 3.705999851226806641e-01
4.736300110816955566e-01 2.908299863338470459e-01
4.780299961566925049e-01 2.596299946308135986e-01
4.640400111675262451e-01 2.499600052833557129e-01
4.675500094890594482e-01 2.594200074672698975e-01
4.667299985885620117e-01 2.597000002861022949e-01
4.627200067043304443e-01 2.684899866580963135e-01
4.639799892902374268e-01 3.156700134277343750e-01
4.654400050640106201e-01 3.172599971294403076e-01
4.597299993038177490e-01 3.494800031185150146e-01
4.591200053691864014e-01 3.942399919033050537e-01
4.585500061511993408e-01 4.003899991512298584e-01
4.591099917888641357e-01 3.961400091648101807e-01
4.850299954414367676e-01 1.998700052499771118e-01
4.855599999427795410e-01 1.982599943876266479e-01
4.853599965572357178e-01 2.051900029182434082e-01
4.846000075340270996e-01 2.103099972009658813e-01
4.842900037765502930e-01 2.180500030517578125e-01
4.837700128555297852e-01 2.255299985408782959e-01
4.840900003910064697e-01 2.308299988508224487e-01
4.910399913787841797e-01 3.384400010108947754e-01
5.296199917793273926e-01 6.909999847412109375e-01
5.277600288391113281e-01 6.971099972724914551e-01
5.238900184631347656e-01 6.960899829864501953e-01
5.349599719047546387e-01 6.795700192451477051e-01
5.345699787139892578e-01 6.784399747848510742e-01
5.348200201988220215e-01 6.796299815177917480e-01
5.295500159263610840e-01 6.984300017356872559e-01
5.283399820327758789e-01 6.989200115203857422e-01
5.273000001907348633e-01 6.992200016975402832e-01
5.146499872207641602e-01 7.055500149726867676e-01
5.141800045967102051e-01 7.040600180625915527e-01
5.130500197410583496e-01 7.018499970436096191e-01
5.098500251770019531e-01 7.009900212287902832e-01
5.093700289726257324e-01 7.030599713325500488e-01
5.088800191879272461e-01 7.021800279617309570e-01
5.114799737930297852e-01 6.841300129890441895e-01
5.122299790382385254e-01 6.855900287628173828e-01
5.127800107002258301e-01 6.865100264549255371e-01
5.140600204467773438e-01 6.867700219154357910e-01
5.143700242042541504e-01 6.864899992942810059e-01
5.154299736022949219e-01 6.874200105667114258e-01
5.156900286674499512e-01 6.887300014495849609e-01
5.623700022697448730e-01 3.499099910259246826e-01
5.614899992942810059e-01 3.427399992942810059e-01
5.718600153923034668e-01 3.163700103759765625e-01
5.416300296783447266e-01 3.675400018692016602e-01
5.445299744606018066e-01 3.821299970149993896e-01
4.121600091457366943e-01 3.290899991989135742e-01
4.110099971294403076e-01 3.323400020599365234e-01
4.329600036144256592e-01 3.241299986839294434e-01
3.880400061607360840e-01 3.625699877738952637e-01
3.878600001335144043e-01 3.508700132369995117e-01
3.895300030708312988e-01 3.657999932765960693e-01
3.986999988555908203e-01 2.976799905300140381e-01
3.973900079727172852e-01 3.649300038814544678e-01
4.057599902153015137e-01 3.309299945831298828e-01
4.302699863910675049e-01 3.339099884033203125e-01
4.313200116157531738e-01 3.404200077056884766e-01
4.374499917030334473e-01 3.452300131320953369e-01
5.728499889373779297e-01 4.058499932289123535e-01
5.729799866676330566e-01 3.994899988174438477e-01
5.739700198173522949e-01 3.946999907493591309e-01
5.703600049018859863e-01 3.926700055599212646e-01
5.695400238037109375e-01 3.890300095081329346e-01
2.067600041627883911e-01 4.814600050449371338e-01
5.369499921798706055e-01 4.346199929714202881e-01
2.081599980592727661e-01 4.827300012111663818e-01
3.282000124454498291e-01 8.765100240707397461e-01
3.215500116348266602e-01 8.679999709129333496e-01
3.251799941062927246e-01 8.633900284767150879e-01
2.807900011539459229e-01 8.590099811553955078e-01
7.146999835968017578e-01 8.162099719047546387e-01
7.151299715042114258e-01 8.133199810981750488e-01
7.069100141525268555e-01 8.066499829292297363e-01
7.063699960708618164e-01 8.070999979972839355e-01
6.878100037574768066e-01 8.100500106811523438e-01
6.755599975585937500e-01 8.106899857521057129e-01
6.760600209236145020e-01 8.101099729537963867e-01
6.756100058555603027e-01 8.096699714660644531e-01
7.104600071907043457e-01 8.304200172424316406e-01
7.123299837112426758e-01 8.225499987602233887e-01
7.128700017929077148e-01 8.217999935150146484e-01
7.154899835586547852e-01 8.233699798583984375e-01
6.917200088500976562e-01 7.118700146675109863e-01
6.917200088500976562e-01 7.118700146675109863e-01
2.806800007820129395e-01 5.199099779129028320e-01
5.631099939346313477e-01 3.734900057315826416e-01
5.627700090408325195e-01 3.679099977016448975e-01
5.612599849700927734e-01 3.656699955463409424e-01
5.591400265693664551e-01 3.694399893283843994e-01
5.588399767875671387e-01 3.688400089740753174e-01
5.579599738121032715e-01 3.653799891471862793e-01
5.425500273704528809e-01 3.569900095462799072e-01
4.976899921894073486e-01 4.061999917030334473e-01
4.992100000381469727e-01 4.036400020122528076e-01
4.987300038337707520e-01 4.004999995231628418e-01
4.995099902153015137e-01 4.018000066280364990e-01
5.065000057220458984e-01 3.877399861812591553e-01
5.078700184822082520e-01 3.877800107002258301e-01
5.102199912071228027e-01 3.823699951171875000e-01
4.605599939823150635e-01 4.191899895668029785e-01
4.676600098609924316e-01 4.134700000286102295e-01
4.697499871253967285e-01 4.094099998474121094e-01
4.703199863433837891e-01 4.059399962425231934e-01
4.701800048351287842e-01 4.074200093746185303e-01
5.014100074768066406e-01 4.431400001049041748e-01
5.011799931526184082e-01 4.399999976158142090e-01
5.007200241088867188e-01 4.372099936008453369e-01
1.323399990797042847e-01 4.408499896526336670e-01
1.742500066757202148e-01 4.417299926280975342e-01
3.262700140476226807e-01 4.607900083065032959e-01
6.857500225305557251e-02 4.199900031089782715e-01
1.246299967169761658e-01 5.077000260353088379e-01
1.355299949645996094e-01 5.059800148010253906e-01
1.336700022220611572e-01 5.030199885368347168e-01
3.046700060367584229e-01 5.608299970626831055e-01
3.177399933338165283e-01 5.648300051689147949e-01
3.001700043678283691e-01 5.620099902153015137e-01
3.182699978351593018e-01 5.730100274085998535e-01
3.156599998474121094e-01 5.676199793815612793e-01
3.415099978446960449e-01 5.781499743461608887e-01
3.237099945545196533e-01 5.739399790763854980e-01
3.351500034332275391e-01 5.865399837493896484e-01
3.301900029182434082e-01 5.727300047874450684e-01
5.467000007629394531e-01 8.788700103759765625e-01
4.832600057125091553e-01 8.693000078201293945e-01
4.880400002002716064e-01 8.674799799919128418e-01
4.681900143623352051e-01 8.717399835586547852e-01
4.916999936103820801e-01 8.683099746704101562e-01
6.287699937820434570e-01 8.531200289726257324e-01
4.547699987888336182e-01 4.464400112628936768e-01
4.090499877929687500e-01 3.941299915313720703e-01
5.469899773597717285e-01 2.742100059986114502e-01
5.449699759483337402e-01 3.539099991321563721e-01
4.414600133895874023e-01 5.018100142478942871e-01
5.500599741935729980e-01 3.133099973201751709e-01
5.822200179100036621e-01 3.283399939537048340e-01
5.824400186538696289e-01 3.757700026035308838e-01
5.954399704933166504e-01 3.895800113677978516e-01
5.979200005531311035e-01 4.432100057601928711e-01
5.948899984359741211e-01 3.914600014686584473e-01
5.904800295829772949e-01 3.921900093555450439e-01
5.888400077819824219e-01 3.977499902248382568e-01
5.860000252723693848e-01 4.009700119495391846e-01
5.849499702453613281e-01 3.989599943161010742e-01
5.946199893951416016e-01 3.800199925899505615e-01
5.478299856185913086e-01 3.719800114631652832e-01
5.599200129508972168e-01 3.672699928283691406e-01
4.370900094509124756e-01 4.824999868869781494e-01
4.422299861907958984e-01 4.769200086593627930e-01
4.496600031852722168e-01 5.210400223731994629e-01
4.477800130844116211e-01 4.691100120544433594e-01
5.131400227546691895e-01 7.589399814605712891e-01
5.131599903106689453e-01 7.598199844360351562e-01
5.131800174713134766e-01 7.600499987602233887e-01
5.133299827575683594e-01 7.607399821281433105e-01
5.141000151634216309e-01 7.619500160217285156e-01
6.118400096893310547e-01 7.022200226783752441e-01
6.114000082015991211e-01 7.029600143432617188e-01
6.187199950218200684e-01 6.985499858856201172e-01
6.211100220680236816e-01 6.953099966049194336e-01
6.106799840927124023e-01 6.961500048637390137e-01
5.999100208282470703e-01 6.990299820899963379e-01
5.806400179862976074e-01 7.435799837112426758e-01
5.806699991226196289e-01 7.438399791717529297e-01
5.807600021362304688e-01 7.477099895477294922e-01
5.070000290870666504e-01 7.589600086212158203e-01
5.071799755096435547e-01 7.596899867057800293e-01
5.071300268173217773e-01 7.610599994659423828e-01
5.069900155067443848e-01 7.580999732017517090e-01
5.073300004005432129e-01 7.536100149154663086e-01
5.089399814605712891e-01 7.711499929428100586e-01
5.112800002098083496e-01 7.699199914932250977e-01
5.111500024795532227e-01 7.489399909973144531e-01
4.037899971008300781e-01 2.207300066947937012e-01
4.086900055408477783e-01 2.048400044441223145e-01
4.084700047969818115e-01 2.067999988794326782e-01
4.083800017833709717e-01 2.063799947500228882e-01
4.082799851894378662e-01 2.065300047397613525e-01
4.081999957561492920e-01 2.068600058555603027e-01
4.081900119781494141e-01 2.068900018930435181e-01
4.081700146198272705e-01 2.072200030088424683e-01
4.081799983978271484e-01 2.063100039958953857e-01
4.088099896907806396e-01 2.011999934911727905e-01
4.089800119400024414e-01 2.002899944782257080e-01
4.094699919223785400e-01 2.004999965429306030e-01
4.099499881267547607e-01 2.009000033140182495e-01
4.042600095272064209e-01 2.201499938964843750e-01
4.042200148105621338e-01 2.199900001287460327e-01
4.043399989604949951e-01 2.199500054121017456e-01
4.032999873161315918e-01 2.201399952173233032e-01
4.041100144386291504e-01 2.196999937295913696e-01
4.044899940490722656e-01 2.186200022697448730e-01
4.036700129508972168e-01 2.263700067996978760e-01
4.036400020122528076e-01 2.268999963998794556e-01
4.036200046539306641e-01 2.267500013113021851e-01
4.765099883079528809e-01 4.568600058555603027e-01
4.996899962425231934e-01 4.421400129795074463e-01
5.130299925804138184e-01 4.228799939155578613e-01
5.141400098800659180e-01 4.243600070476531982e-01
5.138499736785888672e-01 4.229399859905242920e-01
5.144400000572204590e-01 4.236800074577331543e-01
5.134999752044677734e-01 4.241699874401092529e-01
5.096300244331359863e-01 4.236699938774108887e-01
5.064899921417236328e-01 4.305199980735778809e-01
5.064600110054016113e-01 4.301199913024902344e-01
5.081200003623962402e-01 4.310500025749206543e-01
5.135700106620788574e-01 4.228599965572357178e-01
5.230399966239929199e-01 4.304899871349334717e-01
5.220400094985961914e-01 3.962900042533874512e-01
5.244799852371215820e-01 3.958199918270111084e-01
5.225099921226501465e-01 4.026899933815002441e-01
5.225200057029724121e-01 4.050599932670593262e-01
5.217900276184082031e-01 4.111500084400177002e-01
5.216199755668640137e-01 4.033800065517425537e-01
5.338500142097473145e-01 4.023599922657012939e-01
5.841500163078308105e-01 3.462600111961364746e-01
5.838999748229980469e-01 3.481400012969970703e-01
5.351300239562988281e-01 4.594700038433074951e-01
5.954700112342834473e-01 4.759700000286102295e-01
5.715199708938598633e-01 4.480400085449218750e-01
5.730000138282775879e-01 4.822300076484680176e-01
4.897100031375885010e-01 3.619199991226196289e-01
4.911499917507171631e-01 3.634800016880035400e-01
4.912500083446502686e-01 3.632000088691711426e-01
4.901700019836425781e-01 3.634999990463256836e-01
4.918699860572814941e-01 3.648999929428100586e-01
4.932099878787994385e-01 3.607400059700012207e-01
4.906199872493743896e-01 3.627699911594390869e-01
4.920600056648254395e-01 3.623000085353851318e-01
4.911899864673614502e-01 3.605000078678131104e-01
4.928599894046783447e-01 3.621799945831298828e-01
4.927699863910675049e-01 3.603999912738800049e-01
5.261300206184387207e-01 3.931699991226196289e-01
5.302100181579589844e-01 3.953399956226348877e-01
5.311300158500671387e-01 3.963499963283538818e-01
5.485399961471557617e-01 3.849000036716461182e-01
5.458800196647644043e-01 3.927699923515319824e-01
5.503000020980834961e-01 3.742400109767913818e-01
5.839800238609313965e-01 2.672399878501892090e-01
5.086399912834167480e-01 6.671500205993652344e-01
5.076599717140197754e-01 6.713600158691406250e-01
4.081499874591827393e-01 7.031599879264831543e-01
4.076899886131286621e-01 7.024199962615966797e-01
4.070200026035308838e-01 7.039399743080139160e-01
4.439400136470794678e-01 6.856399774551391602e-01
4.297899901866912842e-01 6.653199791908264160e-01
4.712899923324584961e-01 6.725599765777587891e-01
4.705699980258941650e-01 6.732299923896789551e-01
4.703199863433837891e-01 6.740900278091430664e-01
4.702000021934509277e-01 6.751700043678283691e-01
4.679200053215026855e-01 6.755999922752380371e-01
4.629600048065185547e-01 6.770499944686889648e-01
4.506900012493133545e-01 6.810600161552429199e-01
4.493300020694732666e-01 6.828699707984924316e-01
4.497900009155273438e-01 6.838200092315673828e-01
4.494400024414062500e-01 6.777700185775756836e-01
5.005999803543090820e-01 6.623200178146362305e-01
4.998599886894226074e-01 6.635500192642211914e-01
4.989700019359588623e-01 6.632900238037109375e-01
4.868200123310089111e-01 6.708400249481201172e-01
5.079900026321411133e-01 6.637200117111206055e-01
3.965299949049949646e-02 5.235499739646911621e-01
4.044499993324279785e-02 5.199800133705139160e-01
4.050000011920928955e-02 5.201200246810913086e-01
4.120200127363204956e-02 5.177099704742431641e-01
3.975100070238113403e-02 5.194200277328491211e-01
3.980499878525733948e-02 5.182499885559082031e-01
4.254100099205970764e-02 5.039299726486206055e-01
4.015500098466873169e-02 5.078899860382080078e-01
3.656199946999549866e-02 5.149999856948852539e-01
3.554600104689598083e-02 5.163800120353698730e-01
3.565099835395812988e-02 5.144000053405761719e-01
3.516200184822082520e-02 5.126600265502929688e-01
1.039400044828653336e-02 5.672900080680847168e-01
2.734400033950805664e-01 6.174899935722351074e-01
7.146800160408020020e-01 5.181000232696533203e-01
6.469600200653076172e-01 5.524100065231323242e-01
6.420599818229675293e-01 5.555800199508666992e-01
6.472300291061401367e-01 5.523899793624877930e-01
6.650900244712829590e-01 5.498200058937072754e-01
6.679199934005737305e-01 5.469499826431274414e-01
6.673099994659423828e-01 5.453100204467773438e-01
6.663399934768676758e-01 5.457800030708312988e-01
4.934000074863433838e-01 9.408599883317947388e-02
5.222200155258178711e-01 1.363800019025802612e-01
3.579800128936767578e-01 3.734000027179718018e-01
3.589800000190734863e-01 3.753899931907653809e-01
3.587900102138519287e-01 3.712399899959564209e-01
3.713699877262115479e-01 3.837600052356719971e-01
3.711200058460235596e-01 3.828099966049194336e-01
6.264500021934509277e-01 2.315199971199035645e-01
6.264299750328063965e-01 2.211199998855590820e-01
4.479399919509887695e-01 1.014999970793724060e-01
4.204899966716766357e-01 9.947399795055389404e-02
4.226799905300140381e-01 1.078799962997436523e-01
4.266099929809570312e-01 1.220299974083900452e-01
4.773800075054168701e-01 1.772300004959106445e-01
4.764199852943420410e-01 1.767500042915344238e-01
4.765099883079528809e-01 1.804600059986114502e-01
4.753499925136566162e-01 1.823499947786331177e-01
3.871400058269500732e-01 3.858500123023986816e-01
3.854599893093109131e-01 3.867200016975402832e-01
3.883700072765350342e-01 3.851299881935119629e-01
3.897899985313415527e-01 3.798399865627288818e-01
3.930700123310089111e-01 3.849700093269348145e-01
4.810400009155273438e-01 6.436200141906738281e-01
4.654400050640106201e-01 4.491299986839294434e-01
4.803699851036071777e-01 6.448299884796142578e-01
4.638699889183044434e-01 4.505900144577026367e-01
4.633400142192840576e-01 4.469000101089477539e-01
4.631600081920623779e-01 4.446600079536437988e-01
4.604299962520599365e-01 4.394400119781494141e-01
4.589500129222869873e-01 4.333499968051910400e-01
4.951600134372711182e-01 6.538199782371520996e-01
4.979200065135955811e-01 6.596400141716003418e-01
4.990800023078918457e-01 7.447900176048278809e-01
4.980899989604949951e-01 7.483500242233276367e-01
4.993300139904022217e-01 7.498099803924560547e-01
4.988600015640258789e-01 7.539499998092651367e-01
4.988999962806701660e-01 7.578899860382080078e-01
4.994800090789794922e-01 7.629500031471252441e-01
4.992499947547912598e-01 7.638599872589111328e-01
4.646300077438354492e-01 4.772000014781951904e-01
4.650999903678894043e-01 4.818800091743469238e-01
4.658200144767761230e-01 4.832200109958648682e-01
4.668399989604949951e-01 4.828000068664550781e-01
4.731599986553192139e-01 6.540099978446960449e-01
4.447099864482879639e-01 5.826200246810913086e-01
4.915300011634826660e-01 6.182199716567993164e-01
4.988900125026702881e-01 6.121900081634521484e-01
4.988600015640258789e-01 6.088500022888183594e-01
4.945699870586395264e-01 6.106200218200683594e-01
4.958800077438354492e-01 5.732899904251098633e-01
4.958499968051910400e-01 5.748400092124938965e-01
4.950599968433380127e-01 5.762400031089782715e-01
4.414699971675872803e-01 6.059899926185607910e-01
4.444499909877777100e-01 6.075000166893005371e-01
4.457699954509735107e-01 6.080600023269653320e-01
4.473600089550018311e-01 6.078500151634216309e-01
4.477300047874450684e-01 6.088600158691406250e-01
4.486599862575531006e-01 6.076700091361999512e-01
4.644100069999694824e-01 5.987600088119506836e-01
4.664599895477294922e-01 6.015099883079528809e-01
4.673900008201599121e-01 6.005700230598449707e-01
4.685199856758117676e-01 6.007800102233886719e-01
4.692200124263763428e-01 6.004899740219116211e-01
4.514200091361999512e-01 5.874199867248535156e-01
4.442000091075897217e-01 5.822299718856811523e-01
4.436199963092803955e-01 5.821700096130371094e-01
6.816800236701965332e-01 6.699200272560119629e-01
6.813099980354309082e-01 6.686599850654602051e-01
3.731699883937835693e-01 6.115700006484985352e-01
3.729999959468841553e-01 6.156100034713745117e-01
3.727799952030181885e-01 6.217899918556213379e-01
3.730100095272064209e-01 6.234400272369384766e-01
4.371199905872344971e-01 6.447799801826477051e-01
4.517000019550323486e-01 6.543300151824951172e-01
4.471400082111358643e-01 6.549999713897705078e-01
4.458200037479400635e-01 6.571800112724304199e-01
4.461100101470947266e-01 6.580100059509277344e-01
4.812900125980377197e-01 6.469600200653076172e-01
4.810400009155273438e-01 6.468600034713745117e-01
4.811699986457824707e-01 6.464999914169311523e-01
4.805999994277954102e-01 6.457399725914001465e-01
4.678499996662139893e-01 6.412500143051147461e-01
4.671199917793273926e-01 6.416400074958801270e-01
4.660600125789642334e-01 6.426799893379211426e-01
5.567799806594848633e-01 6.533200144767761230e-01
6.840699911117553711e-01 6.791499853134155273e-01
6.844000220298767090e-01 6.777899861335754395e-01
6.842200160026550293e-01 6.794700026512145996e-01
4.251900017261505127e-01 4.065600037574768066e-01
4.272800087928771973e-01 4.131700098514556885e-01
4.282500147819519043e-01 4.161599874496459961e-01
4.304600059986114502e-01 4.250200092792510986e-01
5.513200163841247559e-01 4.640100002288818359e-01
5.516300201416015625e-01 4.631699919700622559e-01
5.519700050354003906e-01 4.632799923419952393e-01
5.525799989700317383e-01 4.618499875068664551e-01
5.540800094604492188e-01 4.614199995994567871e-01
5.540999770164489746e-01 4.613899886608123779e-01
4.223200082778930664e-01 3.145799934864044189e-01
4.251599907875061035e-01 3.181900084018707275e-01
4.269900023937225342e-01 3.212499916553497314e-01
4.310699999332427979e-01 3.261300027370452881e-01
4.297699928283691406e-01 3.284400105476379395e-01
4.742499887943267822e-01 3.175700008869171143e-01
4.905900061130523682e-01 3.364199995994567871e-01
5.337700247764587402e-01 4.246799945831298828e-01
4.713799953460693359e-01 4.231199920177459717e-01
4.122000038623809814e-01 3.911600112915039062e-01
4.190199971199035645e-01 3.974600136280059814e-01
4.228500127792358398e-01 4.026100039482116699e-01
6.202300190925598145e-01 4.167099893093109131e-01
4.046700000762939453e-01 8.221899718046188354e-02
4.039599895477294922e-01 8.389999717473983765e-02
3.778199851512908936e-01 6.049699783325195312e-01
3.788599967956542969e-01 6.046100258827209473e-01
3.798800110816955566e-01 6.102499961853027344e-01
3.751699924468994141e-01 6.066300272941589355e-01
3.768199980258941650e-01 6.020900011062622070e-01
3.948099911212921143e-01 5.720000267028808594e-01
3.967599868774414062e-01 5.742200016975402832e-01
3.962100148200988770e-01 5.651400089263916016e-01
3.971099853515625000e-01 5.657399892807006836e-01
3.876799941062927246e-01 5.663499832153320312e-01
3.940199911594390869e-01 5.630900263786315918e-01
3.920699954032897949e-01 5.580800175666809082e-01
3.939499855041503906e-01 5.433800220489501953e-01
3.945499956607818604e-01 5.223199725151062012e-01
3.930299878120422363e-01 5.189899802207946777e-01
3.709099888801574707e-01 6.203500032424926758e-01
3.947600126266479492e-01 5.442100167274475098e-01
3.947699964046478271e-01 6.466199755668640137e-01
3.960100114345550537e-01 6.488800048828125000e-01
5.049200057983398438e-01 4.826900064945220947e-01
5.066199898719787598e-01 4.803200066089630127e-01
5.084599852561950684e-01 4.807499945163726807e-01
5.054699778556823730e-01 4.786500036716461182e-01
4.784699976444244385e-01 5.154299736022949219e-01
4.683299958705902100e-01 5.224300026893615723e-01
4.666399955749511719e-01 5.176100134849548340e-01
4.567100107669830322e-01 5.641800165176391602e-01
3.900099992752075195e-01 5.844799876213073730e-01
3.829399943351745605e-01 6.012399792671203613e-01
3.899700045585632324e-01 5.892900228500366211e-01
3.945499956607818604e-01 5.765299797058105469e-01
3.991999924182891846e-01 5.616499781608581543e-01
3.689500093460083008e-01 5.269200205802917480e-01
3.629699945449829102e-01 5.337700247764587402e-01
3.697600066661834717e-01 5.353699922561645508e-01
4.269799888134002686e-01 4.551199972629547119e-01
4.214000105857849121e-01 4.117799997329711914e-01
4.497199952602386475e-01 5.167099833488464355e-01
4.444899857044219971e-01 4.607099890708923340e-01
4.434399902820587158e-01 5.138199925422668457e-01
4.386599957942962646e-01 5.113499760627746582e-01
5.263500213623046875e-01 3.234300017356872559e-01
4.241299927234649658e-01 3.487600088119506836e-01
4.151600003242492676e-01 4.188799858093261719e-01
4.157400131225585938e-01 4.190199971199035645e-01
4.374099969863891602e-01 3.990600109100341797e-01
5.036000013351440430e-01 4.222800135612487793e-01
5.318599939346313477e-01 4.402999877929687500e-01
5.332400202751159668e-01 4.363699853420257568e-01
5.351499915122985840e-01 4.399400055408477783e-01
5.990399718284606934e-01 4.228000044822692871e-01
5.960299968719482422e-01 4.264599978923797607e-01
4.906899929046630859e-01 4.808399975299835205e-01
4.842199981212615967e-01 4.568600058555603027e-01
4.325200021266937256e-01 4.693900048732757568e-01
4.320800006389617920e-01 4.915800094604492188e-01
4.519400000572204590e-01 4.681299924850463867e-01
4.392699897289276123e-01 4.504899978637695312e-01
4.413700103759765625e-01 4.499799907207489014e-01
4.403899908065795898e-01 4.488399922847747803e-01
6.540899872779846191e-01 3.956699967384338379e-01
6.496099829673767090e-01 3.975099921226501465e-01
4.105600118637084961e-01 5.177199840545654297e-01
5.757300257682800293e-01 2.296800017356872559e-01
4.806700050830841064e-01 2.467499971389770508e-01
4.160499870777130127e-01 2.543500065803527832e-01
4.099699854850769043e-01 2.276400029659271240e-01
4.126499891281127930e-01 2.350499927997589111e-01
4.761599898338317871e-01 3.064399957656860352e-01
4.765500128269195557e-01 2.962499856948852539e-01
3.948099911212921143e-01 2.305299937725067139e-01
3.978599905967712402e-01 2.315399944782257080e-01
3.995400071144104004e-01 2.330500036478042603e-01
3.987199962139129639e-01 2.320100069046020508e-01
3.985599875450134277e-01 2.319999933242797852e-01
4.209200143814086914e-01 2.914600074291229248e-01
4.757800102233886719e-01 3.738699853420257568e-01
4.951800107955932617e-01 3.370200097560882568e-01
4.937700033187866211e-01 3.411499857902526855e-01
5.177699923515319824e-01 3.062199950218200684e-01
5.462099909782409668e-01 3.124499917030334473e-01
5.438899993896484375e-01 3.104600012302398682e-01
5.426899790763854980e-01 3.094399869441986084e-01
5.436300039291381836e-01 3.104900121688842773e-01
5.438600182533264160e-01 3.109399974346160889e-01
4.244300127029418945e-01 4.120199978351593018e-01
4.244199991226196289e-01 3.904600143432617188e-01
4.971300065517425537e-01 3.602899909019470215e-01
4.968099892139434814e-01 3.624800145626068115e-01
4.961499869823455811e-01 3.632999956607818604e-01
4.961799979209899902e-01 3.619500100612640381e-01
4.965800046920776367e-01 3.619500100612640381e-01
4.958800077438354492e-01 3.621500134468078613e-01
5.306199789047241211e-01 3.876700103282928467e-01
5.304899811744689941e-01 3.884299993515014648e-01
5.301700234413146973e-01 3.900299966335296631e-01
4.910300076007843018e-01 3.763900101184844971e-01
5.330700278282165527e-01 4.021199941635131836e-01
5.322200059890747070e-01 3.939900100231170654e-01
5.331799983978271484e-01 3.949699997901916504e-01
5.271099805831909180e-01 3.852300047874450684e-01
5.238100290298461914e-01 3.797000050544738770e-01
5.315499901771545410e-01 4.029000103473663330e-01
5.134800076484680176e-01 3.773100078105926514e-01
5.129299759864807129e-01 3.829500079154968262e-01
5.114399790763854980e-01 3.828699886798858643e-01
4.981400072574615479e-01 4.088000059127807617e-01
4.709399938583374023e-01 8.161900043487548828e-01
4.683000147342681885e-01 8.203099966049194336e-01
4.678100049495697021e-01 8.096500039100646973e-01
4.702700078487396240e-01 8.073700070381164551e-01
4.719499945640563965e-01 8.125200271606445312e-01
4.679999947547912598e-01 8.099200129508972168e-01
4.628700017929077148e-01 8.048599958419799805e-01
4.661400020122528076e-01 7.989500164985656738e-01
4.529699981212615967e-01 8.113999962806701660e-01
4.306600093841552734e-01 8.476799726486206055e-01
3.731800019741058350e-01 6.392499804496765137e-01
3.817799985408782959e-01 6.545799970626831055e-01
4.207200109958648682e-01 7.486900091171264648e-01
2.261700034141540527e-01 5.062299966812133789e-01
2.125899940729141235e-01 4.847399890422821045e-01
2.175099998712539673e-01 4.918000102043151855e-01
2.160799950361251831e-01 4.887000024318695068e-01
2.080599963665008545e-01 4.732500016689300537e-01
2.206400036811828613e-01 5.066099762916564941e-01
5.708400011062622070e-01 8.791400194168090820e-01
5.266500115394592285e-01 8.791499733924865723e-01
5.318499803543090820e-01 8.660799860954284668e-01
5.791000127792358398e-01 1.768400073051452637e-01
4.664199948310852051e-01 3.665400147438049316e-01
4.659599959850311279e-01 3.552300035953521729e-01
5.763099789619445801e-01 1.489199995994567871e-01
5.938900113105773926e-01 3.404999971389770508e-01
5.880699753761291504e-01 3.302600085735321045e-01
5.777900218963623047e-01 1.709399968385696411e-01
5.777699947357177734e-01 1.711899936199188232e-01
5.278800129890441895e-01 2.904599905014038086e-01
5.792300105094909668e-01 3.398199975490570068e-01
5.850200057029724121e-01 3.489400148391723633e-01
5.764999985694885254e-01 2.202199995517730713e-01
5.765500068664550781e-01 2.182900011539459229e-01
5.752699971199035645e-01 2.094299942255020142e-01
5.756999850273132324e-01 2.081000059843063354e-01
5.760599970817565918e-01 1.811899989843368530e-01
5.766000151634216309e-01 1.828099936246871948e-01
5.773800015449523926e-01 1.796000003814697266e-01
5.776399970054626465e-01 1.808599978685379028e-01
5.780900120735168457e-01 1.804299950599670410e-01
5.783600211143493652e-01 1.808499991893768311e-01
5.778599977493286133e-01 1.780100017786026001e-01
4.674099981784820557e-01 5.575500130653381348e-01
4.683200120925903320e-01 5.604900121688842773e-01
4.693700075149536133e-01 5.612800121307373047e-01
4.692699909210205078e-01 5.576999783515930176e-01
4.692299962043762207e-01 5.546100139617919922e-01
4.906199872493743896e-01 5.318400263786315918e-01
5.500900149345397949e-01 4.993300139904022217e-01
5.505399703979492188e-01 5.050500035285949707e-01
5.472900271415710449e-01 5.092999935150146484e-01
5.432100296020507812e-01 4.678699970245361328e-01
5.398399829864501953e-01 4.689100086688995361e-01
5.379099845886230469e-01 4.709999859333038330e-01
5.399199724197387695e-01 4.697000086307525635e-01
5.393599867820739746e-01 4.668099880218505859e-01
5.648400187492370605e-01 3.245500028133392334e-01
5.444899797439575195e-01 2.894499897956848145e-01
4.849700033664703369e-01 2.596800029277801514e-01
4.914000034332275391e-01 2.678999900817871094e-01
4.870400130748748779e-01 2.758100032806396484e-01
4.956499934196472168e-01 2.564400136470794678e-01
5.502600073814392090e-01 2.630499899387359619e-01
5.483099818229675293e-01 2.613199949264526367e-01
6.691100001335144043e-01 5.113700032234191895e-01
6.724799871444702148e-01 4.941700100898742676e-01
7.553799748420715332e-01 4.443199932575225830e-01
6.870899796485900879e-01 5.292699933052062988e-01
5.262200236320495605e-01 5.217900276184082031e-01
5.262200236320495605e-01 5.217900276184082031e-01
5.315799713134765625e-01 5.243700146675109863e-01
6.862400174140930176e-01 5.272899866104125977e-01
7.585700154304504395e-01 4.334299862384796143e-01
7.617400288581848145e-01 4.257600009441375732e-01
7.611899971961975098e-01 4.273099899291992188e-01
6.679999828338623047e-01 5.190299749374389648e-01
6.823599934577941895e-01 5.347200036048889160e-01
6.837400197982788086e-01 5.462999939918518066e-01
5.916799902915954590e-01 5.033699870109558105e-01
5.874199867248535156e-01 5.032200217247009277e-01
5.860599875450134277e-01 4.949699938297271729e-01
6.644099950790405273e-01 5.396199822425842285e-01
6.668300032615661621e-01 5.381299853324890137e-01
6.602500081062316895e-01 5.412600040435791016e-01
6.502299904823303223e-01 5.442500114440917969e-01
6.582900285720825195e-01 5.170199871063232422e-01
3.674699962139129639e-01 3.373500108718872070e-01
5.690299868583679199e-01 6.786699891090393066e-01
3.762199878692626953e-01 3.057799935340881348e-01
3.790600001811981201e-01 2.857199907302856445e-01
4.981600046157836914e-01 7.389799952507019043e-01
4.988600015640258789e-01 7.413899898529052734e-01
3.785699903964996338e-01 6.522200107574462891e-01
3.834899961948394775e-01 6.557300090789794922e-01
3.546299934387207031e-01 6.519700288772583008e-01
4.171600043773651123e-01 6.781700253486633301e-01
4.133599996566772461e-01 6.740999817848205566e-01
4.074400067329406738e-01 6.766700148582458496e-01
4.698700010776519775e-01 7.171000242233276367e-01
4.591499865055084229e-01 7.145100235939025879e-01
4.679600000381469727e-01 7.229499816894531250e-01
4.625900089740753174e-01 7.171800136566162109e-01
4.735000133514404297e-01 7.349299788475036621e-01
6.109700202941894531e-01 3.631399869918823242e-01
6.110399961471557617e-01 3.612900078296661377e-01
6.482599973678588867e-01 3.713099956512451172e-01
7.543399930000305176e-01 4.008300006389617920e-01
7.573500275611877441e-01 4.159699976444244385e-01
5.863400101661682129e-01 7.221699953079223633e-01
5.865100026130676270e-01 7.191500067710876465e-01
5.889599919319152832e-01 7.264599800109863281e-01
5.850399732589721680e-01 7.145400047302246094e-01
5.850499868392944336e-01 7.161300182342529297e-01
5.850999951362609863e-01 7.162500023841857910e-01
5.850800275802612305e-01 7.164499759674072266e-01
5.642600059509277344e-01 7.186400294303894043e-01
5.646600127220153809e-01 7.207800149917602539e-01
5.650500059127807617e-01 7.207900285720825195e-01
5.647900104522705078e-01 7.198299765586853027e-01
5.650699734687805176e-01 7.191299796104431152e-01
5.652899742126464844e-01 7.181100249290466309e-01
5.654100179672241211e-01 7.177600264549255371e-01
5.655699968338012695e-01 7.182000279426574707e-01
5.677700042724609375e-01 7.195199728012084961e-01
5.669400095939636230e-01 7.194100022315979004e-01
5.674399733543395996e-01 7.193099856376647949e-01
5.680199861526489258e-01 7.192699909210205078e-01
5.633599758148193359e-01 7.189300060272216797e-01
5.538200139999389648e-01 7.189900279045104980e-01
5.440800189971923828e-01 7.204599976539611816e-01
4.492700099945068359e-01 2.334000021219253540e-01
4.616599977016448975e-01 2.237699925899505615e-01
4.469999969005584717e-01 2.013899981975555420e-01
4.448199868202209473e-01 2.114599943161010742e-01
4.403100013732910156e-01 2.289000004529953003e-01
4.319500029087066650e-01 3.627400100231170654e-01
4.344699978828430176e-01 3.616000115871429443e-01
4.403899908065795898e-01 2.122599929571151733e-01
4.408999979496002197e-01 2.151699960231781006e-01
4.697200059890747070e-01 3.608300089836120605e-01
4.727500081062316895e-01 3.590599894523620605e-01
4.493600130081176758e-01 3.846200108528137207e-01
4.180099964141845703e-01 3.748300075531005859e-01
4.067800045013427734e-01 3.613100051879882812e-01
4.068500101566314697e-01 3.619099855422973633e-01
4.810900092124938965e-01 3.804399967193603516e-01
4.774399995803833008e-01 3.740699887275695801e-01
5.033400058746337891e-01 3.641999959945678711e-01
5.570700168609619141e-01 3.890799880027770996e-01
6.699200272560119629e-01 4.019100069999694824e-01
6.686800122261047363e-01 4.043900072574615479e-01
6.638799905776977539e-01 4.097900092601776123e-01
5.415300130844116211e-01 5.130900144577026367e-01
5.596100091934204102e-01 4.425199925899505615e-01
5.579299926757812500e-01 4.394299983978271484e-01
5.552399754524230957e-01 4.391799867153167725e-01
5.520799756050109863e-01 4.376899898052215576e-01
5.503699779510498047e-01 4.422299861907958984e-01
5.486400127410888672e-01 4.292199909687042236e-01
5.464299917221069336e-01 4.256800115108489990e-01
5.418699979782104492e-01 4.235399961471557617e-01
5.399399995803833008e-01 4.246700108051300049e-01
5.409399867057800293e-01 3.975299894809722900e-01
5.377699732780456543e-01 3.853000104427337646e-01
4.621399939060211182e-01 4.116399884223937988e-01
4.657999873161315918e-01 4.092499911785125732e-01
5.357000231742858887e-01 5.280600190162658691e-01
5.360000133514404297e-01 5.267099738121032715e-01
5.339199900627136230e-01 5.293899774551391602e-01
5.339699983596801758e-01 5.175499916076660156e-01
5.363699793815612793e-01 5.143700242042541504e-01
5.682299733161926270e-01 4.580999910831451416e-01
5.669199824333190918e-01 4.587000012397766113e-01
5.668699741363525391e-01 4.569500088691711426e-01
5.744400024414062500e-01 3.880400061607360840e-01
5.746600031852722168e-01 3.894400000572204590e-01
5.783500075340270996e-01 4.774700105190277100e-01
5.754799842834472656e-01 3.891699910163879395e-01
5.740299820899963379e-01 3.842799961566925049e-01
5.763300061225891113e-01 3.899700045585632324e-01
5.844200253486633301e-01 3.813300132751464844e-01
5.850200057029724121e-01 3.802199959754943848e-01
4.633899927139282227e-01 4.598799943923950195e-01
4.562999904155731201e-01 3.834300041198730469e-01
4.401899874210357666e-01 3.359099924564361572e-01
4.560199975967407227e-01 3.902899920940399170e-01
4.579899907112121582e-01 3.903400003910064697e-01
4.567799866199493408e-01 3.867799937725067139e-01
4.565699994564056396e-01 3.891499936580657959e-01
4.935800135135650635e-01 3.896700143814086914e-01
4.927400052547454834e-01 3.893800079822540283e-01
4.933499991893768311e-01 3.898499906063079834e-01
5.098099708557128906e-01 3.800899982452392578e-01
5.357000231742858887e-01 3.938899934291839600e-01
5.375599861145019531e-01 3.945200145244598389e-01
5.377399921417236328e-01 3.943800032138824463e-01
5.801500082015991211e-01 4.786500036716461182e-01
5.812100172042846680e-01 4.759700000286102295e-01
5.627099871635437012e-01 5.012300014495849609e-01
5.479000210762023926e-01 4.893099963665008545e-01
5.396199822425842285e-01 4.643499851226806641e-01
5.258899927139282227e-01 4.305399954319000244e-01
5.222600102424621582e-01 4.378400146961212158e-01
5.358399748802185059e-01 4.151000082492828369e-01
5.544999837875366211e-01 4.311299920082092285e-01
5.591199994087219238e-01 4.705500006675720215e-01
5.583199858665466309e-01 4.663299918174743652e-01
5.477799773216247559e-01 4.374200105667114258e-01
5.478500127792358398e-01 4.492599964141845703e-01
5.452600121498107910e-01 4.743799865245819092e-01
5.435400009155273438e-01 4.562200009822845459e-01
5.377100110054016113e-01 4.232299923896789551e-01
5.215700268745422363e-01 5.535600185394287109e-01
5.094900131225585938e-01 5.273000001907348633e-01
5.089399814605712891e-01 5.251100063323974609e-01
5.070599913597106934e-01 5.240899920463562012e-01
5.046700239181518555e-01 5.198299884796142578e-01
5.246599912643432617e-01 4.923599958419799805e-01
3.075999915599822998e-01 4.966900050640106201e-01
3.088200092315673828e-01 4.971399903297424316e-01
3.077600002288818359e-01 4.984399974346160889e-01
2.766200006008148193e-01 5.323299765586853027e-01
2.786499857902526855e-01 5.332700014114379883e-01
2.779799997806549072e-01 5.262399911880493164e-01
2.785300016403198242e-01 5.204399824142456055e-01
2.787100076675415039e-01 5.207899808883666992e-01
7.141500115394592285e-01 6.410899758338928223e-01
7.147600054740905762e-01 6.392199993133544922e-01
4.478400051593780518e-01 6.654499769210815430e-01
4.428499937057495117e-01 6.608899831771850586e-01
4.510700106620788574e-01 6.610800027847290039e-01
4.184899926185607910e-01 6.362000107765197754e-01
7.082499861717224121e-01 6.335700154304504395e-01
1.980600059032440186e-01 5.627899765968322754e-01
2.872900068759918213e-01 6.156600117683410645e-01
2.870900034904479980e-01 6.132900118827819824e-01
3.315699994564056396e-01 5.500299930572509766e-01
3.321599960327148438e-01 5.481699705123901367e-01
3.302800059318542480e-01 5.465899705886840820e-01
3.296599984169006348e-01 5.435500144958496094e-01
4.796600043773651123e-01 4.150800108909606934e-01
5.779600143432617188e-01 4.735800027847290039e-01
5.790100097656250000e-01 4.759899973869323730e-01
5.821099877357482910e-01 4.838300049304962158e-01
4.937900006771087646e-01 4.875800013542175293e-01
4.588800072669982910e-01 4.664500057697296143e-01
4.658299982547760010e-01 4.624600112438201904e-01
4.671399891376495361e-01 4.434300065040588379e-01
4.691399931907653809e-01 4.369899928569793701e-01
5.879099965095520020e-01 5.214800238609313965e-01
5.846199989318847656e-01 5.173299908638000488e-01
5.652700066566467285e-01 5.282999873161315918e-01
5.424699783325195312e-01 5.283799767494201660e-01
5.457199811935424805e-01 5.283499956130981445e-01
5.480599999427795410e-01 5.296900272369384766e-01
5.497599840164184570e-01 5.289499759674072266e-01
5.484399795532226562e-01 5.274000167846679688e-01
5.477399826049804688e-01 5.235099792480468750e-01
4.396800100803375244e-01 4.283899962902069092e-01
4.726299941539764404e-01 4.254100024700164795e-01
4.990600049495697021e-01 4.203499853610992432e-01
5.722699761390686035e-01 3.698799908161163330e-01
7.935000061988830566e-01 3.805899918079376221e-01
7.084000110626220703e-01 3.351700007915496826e-01
7.077299952507019043e-01 3.343000113964080811e-01
7.079899907112121582e-01 3.331800103187561035e-01
7.071400284767150879e-01 3.278200030326843262e-01
5.574399828910827637e-01 2.506299912929534912e-01
5.569400191307067871e-01 2.514199912548065186e-01
7.155699729919433594e-01 3.229100108146667480e-01
7.081400156021118164e-01 3.222100138664245605e-01
6.913499832153320312e-01 3.274100124835968018e-01
5.571100115776062012e-01 2.456000000238418579e-01
6.487600207328796387e-01 2.246599942445755005e-01
6.487799882888793945e-01 2.242899984121322632e-01
6.432300209999084473e-01 2.264599949121475220e-01
7.479699850082397461e-01 2.264599949121475220e-01
6.428499817848205566e-01 2.221000045537948608e-01
7.857099771499633789e-01 2.244399935007095337e-01
6.539700031280517578e-01 2.382999956607818604e-01
6.527799963951110840e-01 2.304500043392181396e-01
4.825100004673004150e-01 2.106299996376037598e-01
4.829800128936767578e-01 2.193599939346313477e-01
5.341899991035461426e-01 2.421900033950805664e-01
4.929600059986114502e-01 5.268999934196472168e-01
4.933899939060211182e-01 5.295400023460388184e-01
4.750300049781799316e-01 5.299299955368041992e-01
4.520399868488311768e-01 5.335199832916259766e-01
4.513800144195556641e-01 5.362100005149841309e-01
4.921399950981140137e-01 5.649600028991699219e-01
4.927799999713897705e-01 5.674700140953063965e-01
4.925799965858459473e-01 5.685899853706359863e-01
4.932900071144104004e-01 5.699700117111206055e-01
4.929200112819671631e-01 5.721499919891357422e-01
4.846999943256378174e-01 5.818099975585937500e-01
4.839400053024291992e-01 5.789499878883361816e-01
4.685100018978118896e-01 5.780199766159057617e-01
4.694199860095977783e-01 5.783299803733825684e-01
4.689300060272216797e-01 5.789600014686584473e-01
4.689399898052215576e-01 5.796800255775451660e-01
4.685100018978118896e-01 5.818600058555603027e-01
4.693000018596649170e-01 5.864800214767456055e-01
4.708400070667266846e-01 5.887899994850158691e-01
4.738999903202056885e-01 5.855600237846374512e-01
4.797300100326538086e-01 5.756599903106689453e-01
5.526700019836425781e-01 6.543499827384948730e-01
2.678799927234649658e-01 4.089699983596801758e-01
3.323299884796142578e-01 3.837200105190277100e-01
3.326599895954132080e-01 3.862099945545196533e-01
3.329800069332122803e-01 3.910799920558929443e-01
3.322100043296813965e-01 3.913800120353698730e-01
3.308399915695190430e-01 3.933300077915191650e-01
3.315800130367279053e-01 3.906500041484832764e-01
3.364999890327453613e-01 4.003500044345855713e-01
4.607799947261810303e-01 3.562799990177154541e-01
4.605399966239929199e-01 3.562499880790710449e-01
4.733000099658966064e-01 3.545899987220764160e-01
4.792599976062774658e-01 3.503400087356567383e-01
4.779500067234039307e-01 3.532199859619140625e-01
4.776200056076049805e-01 3.529399931430816650e-01
4.918000102043151855e-01 3.646000027656555176e-01
6.442599892616271973e-01 4.147700071334838867e-01
6.409100294113159180e-01 4.134500026702880859e-01
6.444500088691711426e-01 4.417800009250640869e-01
6.499300003051757812e-01 4.166299998760223389e-01
6.488599777221679688e-01 4.090099930763244629e-01
6.535099744796752930e-01 4.469000101089477539e-01
6.565300226211547852e-01 4.187099933624267578e-01
4.275400042533874512e-01 6.086000204086303711e-01
6.120200157165527344e-01 7.583199739456176758e-01
6.132000088691711426e-01 7.584599852561950684e-01
6.144499778747558594e-01 7.574099898338317871e-01
6.142600178718566895e-01 7.585700154304504395e-01
6.141499876976013184e-01 7.589200139045715332e-01
6.140599846839904785e-01 7.583000063896179199e-01
6.155700087547302246e-01 7.583900094032287598e-01
6.153500080108642578e-01 7.593399882316589355e-01
4.511699974536895752e-01 7.941100001335144043e-01
4.186899960041046143e-01 8.578400015830993652e-01
4.247199892997741699e-01 8.477600216865539551e-01
4.250099956989288330e-01 8.533800244331359863e-01
4.242199957370758057e-01 8.570899963378906250e-01
4.233100116252899170e-01 8.586999773979187012e-01
4.238399863243103027e-01 8.616899847984313965e-01
4.253399968147277832e-01 8.631600141525268555e-01
3.885399997234344482e-01 7.965899705886840820e-01
3.918600082397460938e-01 7.972699999809265137e-01
3.914099931716918945e-01 7.957999706268310547e-01
3.645800054073333740e-01 8.434200286865234375e-01
3.683199882507324219e-01 8.622199892997741699e-01
9.070300310850143433e-02 7.297499775886535645e-01
8.907800167798995972e-02 7.309100031852722168e-01
8.978799730539321899e-02 7.361699938774108887e-01
1.006399989128112793e-01 8.074499964714050293e-01
9.844499826431274414e-02 7.399700284004211426e-01
1.021199971437454224e-01 6.896899938583374023e-01
1.101899966597557068e-01 7.114099860191345215e-01
1.114099994301795959e-01 7.110099792480468750e-01
1.117800027132034302e-01 7.084699869155883789e-01
9.743499755859375000e-02 6.821900010108947754e-01
9.703399986028671265e-02 6.775500178337097168e-01
9.017299860715866089e-02 6.727600097656250000e-01
8.975400030612945557e-02 6.787400245666503906e-01
8.957400172948837280e-02 6.855700016021728516e-01
9.149599820375442505e-02 6.909199953079223633e-01
9.335500001907348633e-02 6.857299804687500000e-01
9.347199648618698120e-02 7.015299797058105469e-01
9.289199858903884888e-02 6.977499723434448242e-01
8.383599668741226196e-02 4.996300041675567627e-01
9.815099835395812988e-02 6.912199854850769043e-01
1.005100011825561523e-01 6.905300021171569824e-01
1.020599976181983948e-01 6.862499713897705078e-01
4.226399958133697510e-01 6.314700245857238770e-01
4.221499860286712646e-01 6.153600215911865234e-01
2.293200045824050903e-01 7.164899706840515137e-01
4.027400016784667969e-01 5.449799895286560059e-01
3.829900026321411133e-01 4.195899963378906250e-01
3.898299932479858398e-01 4.289700090885162354e-01
3.918600082397460938e-01 4.350900053977966309e-01
3.935500085353851318e-01 4.349499940872192383e-01
3.952400088310241699e-01 4.368999898433685303e-01
3.928799927234649658e-01 4.344500005245208740e-01
3.807300031185150146e-01 4.279600083827972412e-01
3.648599982261657715e-01 4.162400066852569580e-01
1.799599975347518921e-01 6.303700208663940430e-01
5.939599871635437012e-01 4.765500128269195557e-01
5.952000021934509277e-01 4.769699871540069580e-01
3.024699985980987549e-01 3.944300115108489990e-01
3.042699992656707764e-01 3.935700058937072754e-01
2.953999936580657959e-01 4.316000044345855713e-01
2.960799932479858398e-01 4.321500062942504883e-01
2.803100049495697021e-01 4.334000051021575928e-01
2.882199883460998535e-01 4.267599880695343018e-01
3.441399931907653809e-01 7.174199819564819336e-01
