4.703078567981719971e-01 5.373529195785522461e-01
4.703080952167510986e-01 5.373530387878417969e-01
4.703080952167510986e-01 5.373528599739074707e-01
4.703079760074615479e-01 5.373528599739074707e-01
4.703079760074615479e-01 5.373529791831970215e-01
4.703079164028167725e-01 5.373530387878417969e-01
4.703080952167510986e-01 5.373529195785522461e-01
4.703078567981719971e-01 5.373529791831970215e-01
4.703082144260406494e-01 5.373529791831970215e-01
4.703080952167510986e-01 5.373530387878417969e-01
4.703079760074615479e-01 5.373529791831970215e-01
4.703080952167510986e-01 5.373528003692626953e-01
4.703078567981719971e-01 5.373530387878417969e-01
4.703080356121063232e-01 5.373529791831970215e-01
4.703080356121063232e-01 5.373529195785522461e-01
4.703080356121063232e-01 5.373529195785522461e-01
4.703078567981719971e-01 5.373529791831970215e-01
4.703079760074615479e-01 5.373529791831970215e-01
4.703080952167510986e-01 5.373530387878417969e-01
4.703080356121063232e-01 5.373529791831970215e-01
4.703080356121063232e-01 5.373528599739074707e-01
4.703079164028167725e-01 5.373529791831970215e-01
5.193465948104858398e-01 5.725862979888916016e-01
5.193467736244201660e-01 5.725861787796020508e-01
5.193467140197753906e-01 5.725862979888916016e-01
5.193467140197753906e-01 5.725863575935363770e-01
5.193468332290649414e-01 5.725861191749572754e-01
5.193465948104858398e-01 5.725862979888916016e-01
5.193469524383544922e-01 5.725862979888916016e-01
5.193465948104858398e-01 5.725859999656677246e-01
5.193467140197753906e-01 5.725862383842468262e-01
5.193468928337097168e-01 5.725863575935363770e-01
5.193467140197753906e-01 5.725863575935363770e-01
5.193467140197753906e-01 5.725862383842468262e-01
5.193467140197753906e-01 5.725864171981811523e-01
5.193467736244201660e-01 5.725862979888916016e-01
5.193465948104858398e-01 5.725862383842468262e-01
5.193467736244201660e-01 5.725861787796020508e-01
5.193469524383544922e-01 5.725862383842468262e-01
5.193465352058410645e-01 5.725861191749572754e-01
5.193466544151306152e-01 5.725862383842468262e-01
5.193465948104858398e-01 5.725862979888916016e-01
5.193467736244201660e-01 5.725861787796020508e-01
5.193465352058410645e-01 5.725862979888916016e-01
4.869957268238067627e-01 4.180492162704467773e-01
4.869956672191619873e-01 4.180492758750915527e-01
4.869957268238067627e-01 4.180492758750915527e-01
4.869954288005828857e-01 4.180491566658020020e-01
4.869954884052276611e-01 4.180492758750915527e-01
4.869956076145172119e-01 4.180493950843811035e-01
4.869953691959381104e-01 4.180492758750915527e-01
4.869954884052276611e-01 4.180493950843811035e-01
4.869953691959381104e-01 4.180493950843811035e-01
4.869954884052276611e-01 4.180493950843811035e-01
4.869957268238067627e-01 4.180492758750915527e-01
4.869954884052276611e-01 4.180493354797363281e-01
4.869954884052276611e-01 4.180491566658020020e-01
4.869954884052276611e-01 4.180492758750915527e-01
4.869955480098724365e-01 4.180492758750915527e-01
4.869955480098724365e-01 4.180492162704467773e-01
4.869954288005828857e-01 4.180493354797363281e-01
4.869955480098724365e-01 4.180492162704467773e-01
4.869956076145172119e-01 4.180493354797363281e-01
4.869957268238067627e-01 4.180491566658020020e-01
4.869956076145172119e-01 4.180492758750915527e-01
4.869957268238067627e-01 4.180493354797363281e-01
5.292218923568725586e-01 4.724569618701934814e-02
5.292217731475830078e-01 4.724573343992233276e-02
5.292218923568725586e-01 4.724573343992233276e-02
5.292219519615173340e-01 4.724562168121337891e-02
5.292217135429382324e-01 4.724581539630889893e-02
5.292219519615173340e-01 4.724583029747009277e-02
5.292218923568725586e-01 4.724559187889099121e-02
5.292218327522277832e-01 4.724571108818054199e-02
5.292217731475830078e-01 4.724583029747009277e-02
5.292218923568725586e-01 4.724574834108352661e-02
5.292218327522277832e-01 4.724577814340591431e-02
5.292217135429382324e-01 4.724569618701934814e-02
5.292217135429382324e-01 4.724571853876113892e-02
5.292218923568725586e-01 4.724568128585815430e-02
5.292218923568725586e-01 4.724574834108352661e-02
5.292216539382934570e-01 4.724567383527755737e-02
5.292218923568725586e-01 4.724574089050292969e-02
5.292220115661621094e-01 4.724580794572830200e-02
5.292219519615173340e-01 4.724560678005218506e-02
5.292218327522277832e-01 4.724583029747009277e-02
5.292217731475830078e-01 4.724567383527755737e-02
5.292219519615173340e-01 4.724569618701934814e-02
5.048533082008361816e-01 6.840336918830871582e-01
5.048531889915466309e-01 6.840336322784423828e-01
5.048533678054809570e-01 6.840336322784423828e-01
5.048534274101257324e-01 6.840335726737976074e-01
5.048535466194152832e-01 6.840336322784423828e-01
5.048533082008361816e-01 6.840336918830871582e-01
5.048533678054809570e-01 6.840335130691528320e-01
5.048533678054809570e-01 6.840336322784423828e-01
5.048533678054809570e-01 6.840334534645080566e-01
5.048535466194152832e-01 6.840335726737976074e-01
5.048534870147705078e-01 6.840336918830871582e-01
5.048534274101257324e-01 6.840335130691528320e-01
5.048535466194152832e-01 6.840335130691528320e-01
5.048533082008361816e-01 6.840335130691528320e-01
5.048534870147705078e-01 6.840334534645080566e-01
5.048534274101257324e-01 6.840336322784423828e-01
5.048534274101257324e-01 6.840336322784423828e-01
5.048534274101257324e-01 6.840336322784423828e-01
5.048536062240600586e-01 6.840337514877319336e-01
5.048534870147705078e-01 6.840335130691528320e-01
5.048533082008361816e-01 6.840337514877319336e-01
5.048531889915466309e-01 6.840336322784423828e-01
4.532457888126373291e-01 6.218170523643493652e-01
4.532457888126373291e-01 6.218171119689941406e-01
4.532457888126373291e-01 6.218169331550598145e-01
4.532457292079925537e-01 6.218169927597045898e-01
4.532460868358612061e-01 6.218171119689941406e-01
4.532458484172821045e-01 6.218169927597045898e-01
4.532457888126373291e-01 6.218170523643493652e-01
4.532454311847686768e-01 6.218170523643493652e-01
4.532457292079925537e-01 6.218170523643493652e-01
4.532457292079925537e-01 6.218171119689941406e-01
4.532456696033477783e-01 6.218170523643493652e-01
4.532457888126373291e-01 6.218170523643493652e-01
4.532457888126373291e-01 6.218169927597045898e-01
4.532457888126373291e-01 6.218171119689941406e-01
4.532457292079925537e-01 6.218171715736389160e-01
4.532456099987030029e-01 6.218169927597045898e-01
4.532457292079925537e-01 6.218169331550598145e-01
4.532457888126373291e-01 6.218171119689941406e-01
4.532454311847686768e-01 6.218169927597045898e-01
4.532456099987030029e-01 6.218170523643493652e-01
4.532458484172821045e-01 6.218169331550598145e-01
4.532459676265716553e-01 6.218170523643493652e-01
4.881952106952667236e-01 5.517484545707702637e-01
4.881953895092010498e-01 5.517483949661254883e-01
4.881953299045562744e-01 5.517485737800598145e-01
4.881951510906219482e-01 5.517483949661254883e-01
4.881953895092010498e-01 5.517483949661254883e-01
4.881953299045562744e-01 5.517484545707702637e-01
4.881953895092010498e-01 5.517483949661254883e-01
4.881954491138458252e-01 5.517483353614807129e-01
4.881952702999114990e-01 5.517483949661254883e-01
4.881952106952667236e-01 5.517483353614807129e-01
4.881952106952667236e-01 5.517486333847045898e-01
4.881952106952667236e-01 5.517486333847045898e-01
4.881955087184906006e-01 5.517485737800598145e-01
4.881953895092010498e-01 5.517484545707702637e-01
4.881952106952667236e-01 5.517483949661254883e-01
4.881952702999114990e-01 5.517485141754150391e-01
4.881953895092010498e-01 5.517485737800598145e-01
4.881953299045562744e-01 5.517486333847045898e-01
4.881952702999114990e-01 5.517483949661254883e-01
4.881955683231353760e-01 5.517484545707702637e-01
4.881953299045562744e-01 5.517484545707702637e-01
4.881953299045562744e-01 5.517484545707702637e-01
5.443115830421447754e-01 5.841600894927978516e-01
5.443115234375000000e-01 5.841602683067321777e-01
5.443116426467895508e-01 5.841600894927978516e-01
5.443116426467895508e-01 5.841600894927978516e-01
5.443116426467895508e-01 5.841600298881530762e-01
5.443115830421447754e-01 5.841601490974426270e-01
5.443117022514343262e-01 5.841600298881530762e-01
5.443117022514343262e-01 5.841602087020874023e-01
5.443116426467895508e-01 5.841600894927978516e-01
5.443117022514343262e-01 5.841600894927978516e-01
5.443118214607238770e-01 5.841602087020874023e-01
5.443116426467895508e-01 5.841601490974426270e-01
5.443115234375000000e-01 5.841601490974426270e-01
5.443117618560791016e-01 5.841599702835083008e-01
5.443117022514343262e-01 5.841601490974426270e-01
5.443117022514343262e-01 5.841602087020874023e-01
5.443117022514343262e-01 5.841599702835083008e-01
5.443114638328552246e-01 5.841600298881530762e-01
5.443118214607238770e-01 5.841603875160217285e-01
5.443117022514343262e-01 5.841601490974426270e-01
5.443118810653686523e-01 5.841602087020874023e-01
5.443116426467895508e-01 5.841600298881530762e-01
5.092989206314086914e-01 4.182611107826232910e-01
5.092988014221191406e-01 4.182609915733337402e-01
5.092986226081848145e-01 4.182609915733337402e-01
5.092987418174743652e-01 4.182611107826232910e-01
5.092990398406982422e-01 4.182611107826232910e-01
5.092988014221191406e-01 4.182609319686889648e-01
5.092987418174743652e-01 4.182609915733337402e-01
5.092986226081848145e-01 4.182610511779785156e-01
5.092987418174743652e-01 4.182609319686889648e-01
5.092987418174743652e-01 4.182609915733337402e-01
5.092986822128295898e-01 4.182610511779785156e-01
5.092986822128295898e-01 4.182610511779785156e-01
5.092988014221191406e-01 4.182608723640441895e-01
5.092987418174743652e-01 4.182609915733337402e-01
5.092988610267639160e-01 4.182611107826232910e-01
5.092988014221191406e-01 4.182609915733337402e-01
5.092987418174743652e-01 4.182609915733337402e-01
5.092988014221191406e-01 4.182611107826232910e-01
5.092988014221191406e-01 4.182609915733337402e-01
5.092986226081848145e-01 4.182609915733337402e-01
5.092988610267639160e-01 4.182610511779785156e-01
5.092988014221191406e-01 4.182611703872680664e-01
2.149775028228759766e-01 8.082751035690307617e-01
2.149774432182312012e-01 8.082753419876098633e-01
2.149774432182312012e-01 8.082751631736755371e-01
2.149772346019744873e-01 8.082751035690307617e-01
2.149775028228759766e-01 8.082752227783203125e-01
2.149775028228759766e-01 8.082749843597412109e-01
2.149774730205535889e-01 8.082752823829650879e-01
2.149774134159088135e-01 8.082752823829650879e-01
2.149775922298431396e-01 8.082750439643859863e-01
2.149776220321655273e-01 8.082751631736755371e-01
2.149771749973297119e-01 8.082751035690307617e-01
2.149775326251983643e-01 8.082752227783203125e-01
2.149771749973297119e-01 8.082751035690307617e-01
2.149774134159088135e-01 8.082752823829650879e-01
2.149772047996520996e-01 8.082752227783203125e-01
2.149774730205535889e-01 8.082751631736755371e-01
2.149774730205535889e-01 8.082749843597412109e-01
2.149775624275207520e-01 8.082751631736755371e-01
2.149773538112640381e-01 8.082751631736755371e-01
2.149774730205535889e-01 8.082751035690307617e-01
2.149775326251983643e-01 8.082751035690307617e-01
2.149775922298431396e-01 8.082751035690307617e-01
4.914478361606597900e-01 4.657545089721679688e-01
4.914472997188568115e-01 4.657543301582336426e-01
4.914472401142120361e-01 4.657546281814575195e-01
4.914475381374359131e-01 4.657545089721679688e-01
4.914477169513702393e-01 4.657546281814575195e-01
4.914477169513702393e-01 4.657543301582336426e-01
4.914477169513702393e-01 4.657542705535888672e-01
4.914472997188568115e-01 4.657541513442993164e-01
4.914476573467254639e-01 4.657544493675231934e-01
4.914477169513702393e-01 4.657542705535888672e-01
4.914473593235015869e-01 4.657545089721679688e-01
4.914471805095672607e-01 4.657544493675231934e-01
4.914477169513702393e-01 4.657543897628784180e-01
4.914475381374359131e-01 4.657546281814575195e-01
4.914475977420806885e-01 4.657543897628784180e-01
4.914477765560150146e-01 4.657544493675231934e-01
4.914470016956329346e-01 4.657545089721679688e-01
4.914479553699493408e-01 4.657543897628784180e-01
4.914476573467254639e-01 4.657545089721679688e-01
4.914477765560150146e-01 4.657545089721679688e-01
4.914472401142120361e-01 4.657543897628784180e-01
4.914470613002777100e-01 4.657545089721679688e-01
5.365165472030639648e-01 8.751174807548522949e-01
5.365164875984191895e-01 8.751174807548522949e-01
5.365162491798400879e-01 8.751174807548522949e-01
5.365166068077087402e-01 8.751175999641418457e-01
5.365166664123535156e-01 8.751174807548522949e-01
5.365166068077087402e-01 8.751176595687866211e-01
5.365164875984191895e-01 8.751174211502075195e-01
5.365164875984191895e-01 8.751175403594970703e-01
5.365166068077087402e-01 8.751176595687866211e-01
5.365166664123535156e-01 8.751175403594970703e-01
5.365164279937744141e-01 8.751175403594970703e-01
5.365167260169982910e-01 8.751175403594970703e-01
5.365165472030639648e-01 8.751175999641418457e-01
5.365166068077087402e-01 8.751174807548522949e-01
5.365165472030639648e-01 8.751175403594970703e-01
5.365166068077087402e-01 8.751174807548522949e-01
5.365166664123535156e-01 8.751173615455627441e-01
5.365165472030639648e-01 8.751175999641418457e-01
5.365164875984191895e-01 8.751174211502075195e-01
5.365165472030639648e-01 8.751178383827209473e-01
5.365164279937744141e-01 8.751175403594970703e-01
5.365167856216430664e-01 8.751175403594970703e-01
4.790890514850616455e-01 6.495856642723083496e-01
4.790891110897064209e-01 6.495857238769531250e-01
4.790891706943511963e-01 6.495854854583740234e-01
4.790892302989959717e-01 6.495856642723083496e-01
4.790891110897064209e-01 6.495855450630187988e-01
4.790890514850616455e-01 6.495854258537292480e-01
4.790891706943511963e-01 6.495856046676635742e-01
4.790891706943511963e-01 6.495854854583740234e-01
4.790891110897064209e-01 6.495853662490844727e-01
4.790892899036407471e-01 6.495856642723083496e-01
4.790892899036407471e-01 6.495855450630187988e-01
4.790890514850616455e-01 6.495856046676635742e-01
4.790891706943511963e-01 6.495854854583740234e-01
4.790892302989959717e-01 6.495855450630187988e-01
4.790892899036407471e-01 6.495854854583740234e-01
4.790892899036407471e-01 6.495854854583740234e-01
4.790890514850616455e-01 6.495856046676635742e-01
4.790891110897064209e-01 6.495853662490844727e-01
4.790892899036407471e-01 6.495854258537292480e-01
4.790894687175750732e-01 6.495856046676635742e-01
4.790892899036407471e-01 6.495857238769531250e-01
4.790891110897064209e-01 6.495854258537292480e-01
4.308467507362365723e-01 7.980079650878906250e-01
4.308466911315917969e-01 7.980077862739562988e-01
4.308468699455261230e-01 7.980078458786010742e-01
4.308467507362365723e-01 7.980078458786010742e-01
4.308467507362365723e-01 7.980078458786010742e-01
4.308469295501708984e-01 7.980077266693115234e-01
4.308468103408813477e-01 7.980078458786010742e-01
4.308471381664276123e-01 7.980076074600219727e-01
4.308468103408813477e-01 7.980079650878906250e-01
4.308469295501708984e-01 7.980080246925354004e-01
4.308470487594604492e-01 7.980079054832458496e-01
4.308468699455261230e-01 7.980079054832458496e-01
4.308467507362365723e-01 7.980079054832458496e-01
4.308465123176574707e-01 7.980079650878906250e-01
4.308467209339141846e-01 7.980074286460876465e-01
4.308468401432037354e-01 7.980077266693115234e-01
4.308468699455261230e-01 7.980079650878906250e-01
4.308469295501708984e-01 7.980078458786010742e-01
4.308468699455261230e-01 7.980079054832458496e-01
4.308469593524932861e-01 7.980077862739562988e-01
4.308468103408813477e-01 7.980079054832458496e-01
4.308469891548156738e-01 7.980078458786010742e-01
4.754206240177154541e-01 4.794766902923583984e-01
4.754205644130706787e-01 4.794769883155822754e-01
4.754203855991363525e-01 4.794769287109375000e-01
4.754205048084259033e-01 4.794769287109375000e-01
4.754205644130706787e-01 4.794770479202270508e-01
4.754203259944915771e-01 4.794768095016479492e-01
4.754206240177154541e-01 4.794769883155822754e-01
4.754205048084259033e-01 4.794766902923583984e-01
4.754202067852020264e-01 4.794769287109375000e-01
4.754203855991363525e-01 4.794766902923583984e-01
4.754206240177154541e-01 4.794768095016479492e-01
4.754202663898468018e-01 4.794768095016479492e-01
4.754206240177154541e-01 4.794770479202270508e-01
4.754203855991363525e-01 4.794767498970031738e-01
4.754204452037811279e-01 4.794766902923583984e-01
4.754206240177154541e-01 4.794770479202270508e-01
4.754203855991363525e-01 4.794767498970031738e-01
4.754205644130706787e-01 4.794770479202270508e-01
4.754204452037811279e-01 4.794769883155822754e-01
4.754205644130706787e-01 4.794767498970031738e-01
4.754203259944915771e-01 4.794768691062927246e-01
4.754204452037811279e-01 4.794766902923583984e-01
5.191398859024047852e-01 3.675969839096069336e-01
5.191398262977600098e-01 3.675971627235412598e-01
5.191401243209838867e-01 3.675969839096069336e-01
5.191397666931152344e-01 3.675968647003173828e-01
5.191397070884704590e-01 3.675969839096069336e-01
5.191398262977600098e-01 3.675970435142517090e-01
5.191397666931152344e-01 3.675970435142517090e-01
5.191400647163391113e-01 3.675969839096069336e-01
5.191397666931152344e-01 3.675969839096069336e-01
5.191396474838256836e-01 3.675969243049621582e-01
5.191400647163391113e-01 3.675968647003173828e-01
5.191399455070495605e-01 3.675969243049621582e-01
5.191398262977600098e-01 3.675970435142517090e-01
5.191397666931152344e-01 3.675971031188964844e-01
5.191400051116943359e-01 3.675971031188964844e-01
5.191397070884704590e-01 3.675970435142517090e-01
5.191399455070495605e-01 3.675969243049621582e-01
5.191400647163391113e-01 3.675969839096069336e-01
5.191398262977600098e-01 3.675969839096069336e-01
5.191398859024047852e-01 3.675969243049621582e-01
5.191396474838256836e-01 3.675969243049621582e-01
5.191395878791809082e-01 3.675969243049621582e-01
1.771837174892425537e-01 6.827204823493957520e-01
1.771838068962097168e-01 6.827204823493957520e-01
1.771837770938873291e-01 6.827205419540405273e-01
1.771834492683410645e-01 6.827206015586853027e-01
1.771835386753082275e-01 6.827207207679748535e-01
1.771837174892425537e-01 6.827204227447509766e-01
1.771837472915649414e-01 6.827204823493957520e-01
1.771836578845977783e-01 6.827203631401062012e-01
1.771838366985321045e-01 6.827205419540405273e-01
1.771837174892425537e-01 6.827204227447509766e-01
1.771837174892425537e-01 6.827204823493957520e-01
1.771835982799530029e-01 6.827206015586853027e-01
1.771836280822753906e-01 6.827203631401062012e-01
1.771837472915649414e-01 6.827206015586853027e-01
1.771837174892425537e-01 6.827203631401062012e-01
1.771838068962097168e-01 6.827204823493957520e-01
1.771837770938873291e-01 6.827203631401062012e-01
1.771836578845977783e-01 6.827203035354614258e-01
1.771835982799530029e-01 6.827204227447509766e-01
1.771835684776306152e-01 6.827204227447509766e-01
1.771834492683410645e-01 6.827206015586853027e-01
1.771835982799530029e-01 6.827205419540405273e-01
5.190296769142150879e-01 6.071893572807312012e-01
5.190294981002807617e-01 6.071889400482177734e-01
5.190296769142150879e-01 6.071891188621520996e-01
5.190296769142150879e-01 6.071893572807312012e-01
5.190294384956359863e-01 6.071893572807312012e-01
5.190293192863464355e-01 6.071892380714416504e-01
5.190293192863464355e-01 6.071892380714416504e-01
5.190294981002807617e-01 6.071891784667968750e-01
5.190292596817016602e-01 6.071894764900207520e-01
5.190295577049255371e-01 6.071891784667968750e-01
5.190294981002807617e-01 6.071891784667968750e-01
5.190295577049255371e-01 6.071889996528625488e-01
5.190297961235046387e-01 6.071892976760864258e-01
5.190292000770568848e-01 6.071891784667968750e-01
5.190294981002807617e-01 6.071891784667968750e-01
5.190295577049255371e-01 6.071891188621520996e-01
5.190294384956359863e-01 6.071890592575073242e-01
5.190293192863464355e-01 6.071892380714416504e-01
5.190294981002807617e-01 6.071892380714416504e-01
5.190294384956359863e-01 6.071891784667968750e-01
5.190296173095703125e-01 6.071891188621520996e-01
5.190294981002807617e-01 6.071890592575073242e-01
4.481020867824554443e-01 3.401087522506713867e-01
4.481019079685211182e-01 3.401086926460266113e-01
4.481019675731658936e-01 3.401086926460266113e-01
4.481020867824554443e-01 3.401087522506713867e-01
4.481023848056793213e-01 3.401085138320922852e-01
4.481019079685211182e-01 3.401086330413818359e-01
4.481021463871002197e-01 3.401085734367370605e-01
4.481019079685211182e-01 3.401086926460266113e-01
4.481020867824554443e-01 3.401086926460266113e-01
4.481020867824554443e-01 3.401086330413818359e-01
4.481019675731658936e-01 3.401086330413818359e-01
4.481020271778106689e-01 3.401086330413818359e-01
4.481020271778106689e-01 3.401085734367370605e-01
4.481020271778106689e-01 3.401085734367370605e-01
4.481020867824554443e-01 3.401086926460266113e-01
4.481020867824554443e-01 3.401086330413818359e-01
4.481019079685211182e-01 3.401086330413818359e-01
4.481019675731658936e-01 3.401085734367370605e-01
4.481020867824554443e-01 3.401086926460266113e-01
4.481021463871002197e-01 3.401085734367370605e-01
4.481021463871002197e-01 3.401086926460266113e-01
4.481020271778106689e-01 3.401086926460266113e-01
4.660320580005645752e-01 4.033452272415161133e-01
4.660320580005645752e-01 4.033452272415161133e-01
4.660320580005645752e-01 4.033450484275817871e-01
4.660318791866302490e-01 4.033451676368713379e-01
4.660320580005645752e-01 4.033452868461608887e-01
4.660319983959197998e-01 4.033451676368713379e-01
4.660319387912750244e-01 4.033452272415161133e-01
4.660319983959197998e-01 4.033449888229370117e-01
4.660320580005645752e-01 4.033452272415161133e-01
4.660319983959197998e-01 4.033452272415161133e-01
4.660319387912750244e-01 4.033452272415161133e-01
4.660321176052093506e-01 4.033452272415161133e-01
4.660321176052093506e-01 4.033451676368713379e-01
4.660319387912750244e-01 4.033450484275817871e-01
4.660321772098541260e-01 4.033449888229370117e-01
4.660319983959197998e-01 4.033452272415161133e-01
4.660319983959197998e-01 4.033451080322265625e-01
4.660319387912750244e-01 4.033452868461608887e-01
4.660321176052093506e-01 4.033451080322265625e-01
4.660320580005645752e-01 4.033452272415161133e-01
4.660319387912750244e-01 4.033452272415161133e-01
4.660321176052093506e-01 4.033452272415161133e-01
4.983262717723846436e-01 4.001116156578063965e-01
4.983262717723846436e-01 4.001114964485168457e-01
4.983262121677398682e-01 4.001114964485168457e-01
4.983263909816741943e-01 4.001115560531616211e-01
4.983264505863189697e-01 4.001114368438720703e-01
4.983262717723846436e-01 4.001115560531616211e-01
4.983263909816741943e-01 4.001116156578063965e-01
4.983265697956085205e-01 4.001115560531616211e-01
4.983264505863189697e-01 4.001116156578063965e-01
4.983263313770294189e-01 4.001116156578063965e-01
4.983265101909637451e-01 4.001115560531616211e-01
4.983263909816741943e-01 4.001116156578063965e-01
4.983263909816741943e-01 4.001114964485168457e-01
4.983259737491607666e-01 4.001114368438720703e-01
4.983260929584503174e-01 4.001114368438720703e-01
4.983263909816741943e-01 4.001115560531616211e-01
4.983263313770294189e-01 4.001115560531616211e-01
4.983263313770294189e-01 4.001116156578063965e-01
4.983263909816741943e-01 4.001115560531616211e-01
4.983263313770294189e-01 4.001115560531616211e-01
4.983263909816741943e-01 4.001115560531616211e-01
4.983262121677398682e-01 4.001116156578063965e-01
1.893593668937683105e-01 7.541893124580383301e-01
1.893595159053802490e-01 7.541893124580383301e-01
1.893592476844787598e-01 7.541893124580383301e-01
1.893591582775115967e-01 7.541892528533935547e-01
1.893593966960906982e-01 7.541891932487487793e-01
1.893591880798339844e-01 7.541894912719726562e-01
1.893590092658996582e-01 7.541894316673278809e-01
1.893590092658996582e-01 7.541893124580383301e-01
1.893593072891235352e-01 7.541893720626831055e-01
1.893593668937683105e-01 7.541893124580383301e-01
1.893591880798339844e-01 7.541893720626831055e-01
1.893592476844787598e-01 7.541894316673278809e-01
1.893592476844787598e-01 7.541893124580383301e-01
1.893592774868011475e-01 7.541892528533935547e-01
1.893593072891235352e-01 7.541891932487487793e-01
1.893594861030578613e-01 7.541893124580383301e-01
1.893593370914459229e-01 7.541894912719726562e-01
1.893591880798339844e-01 7.541891932487487793e-01
1.893592476844787598e-01 7.541894912719726562e-01
1.893592774868011475e-01 7.541891932487487793e-01
1.893593072891235352e-01 7.541891336441040039e-01
1.893596649169921875e-01 7.541890740394592285e-01
4.973843395709991455e-01 6.309251189231872559e-01
4.973845183849334717e-01 6.309251785278320312e-01
4.973845779895782471e-01 6.309250593185424805e-01
4.973842203617095947e-01 6.309250593185424805e-01
4.973843395709991455e-01 6.309251189231872559e-01
4.973845779895782471e-01 6.309252381324768066e-01
4.973846375942230225e-01 6.309250593185424805e-01
4.973842799663543701e-01 6.309251189231872559e-01
4.973842799663543701e-01 6.309248805046081543e-01
4.973843991756439209e-01 6.309250593185424805e-01
4.973842203617095947e-01 6.309249997138977051e-01
4.973846375942230225e-01 6.309252977371215820e-01
4.973844587802886963e-01 6.309251189231872559e-01
4.973843395709991455e-01 6.309249401092529297e-01
4.973844587802886963e-01 6.309251785278320312e-01
4.973844587802886963e-01 6.309252977371215820e-01
4.973844587802886963e-01 6.309250593185424805e-01
4.973845183849334717e-01 6.309251785278320312e-01
4.973843395709991455e-01 6.309251785278320312e-01
4.973842203617095947e-01 6.309251189231872559e-01
4.973842203617095947e-01 6.309248208999633789e-01
4.973842799663543701e-01 6.309249401092529297e-01
4.712052643299102783e-01 7.058782577514648438e-01
4.712049663066864014e-01 7.058783769607543945e-01
4.712052047252655029e-01 7.058782577514648438e-01
4.712050855159759521e-01 7.058783769607543945e-01
4.712052643299102783e-01 7.058780789375305176e-01
4.712050855159759521e-01 7.058784961700439453e-01
4.712052643299102783e-01 7.058783769607543945e-01
4.712051451206207275e-01 7.058784365653991699e-01
4.712052643299102783e-01 7.058781981468200684e-01
4.712052047252655029e-01 7.058781981468200684e-01
4.712052047252655029e-01 7.058781385421752930e-01
4.712053835391998291e-01 7.058781981468200684e-01
4.712050259113311768e-01 7.058782577514648438e-01
4.712051451206207275e-01 7.058779597282409668e-01
4.712053239345550537e-01 7.058782577514648438e-01
4.712050259113311768e-01 7.058781385421752930e-01
4.712054431438446045e-01 7.058780193328857422e-01
4.712052643299102783e-01 7.058780789375305176e-01
4.712053239345550537e-01 7.058780193328857422e-01
4.712052643299102783e-01 7.058781981468200684e-01
4.712050259113311768e-01 7.058782577514648438e-01
4.712053835391998291e-01 7.058780789375305176e-01
5.700827836990356445e-01 6.844117492437362671e-02
5.700827240943908691e-01 6.844083964824676514e-02
5.700828433036804199e-01 6.844106316566467285e-02
5.700830221176147461e-01 6.844111531972885132e-02
5.700826644897460938e-01 6.844109296798706055e-02
5.700828433036804199e-01 6.844107061624526978e-02
5.700827836990356445e-01 6.844104826450347900e-02
5.700827836990356445e-01 6.844105571508407593e-02
5.700826048851013184e-01 6.844113767147064209e-02
5.700830221176147461e-01 6.844098120927810669e-02
5.700827836990356445e-01 6.844098120927810669e-02
5.700825452804565430e-01 6.844110786914825439e-02
5.700828433036804199e-01 6.844111531972885132e-02
5.700826644897460938e-01 6.844095140695571899e-02
5.700826048851013184e-01 6.844092905521392822e-02
5.700826644897460938e-01 6.844092160463333130e-02
5.700827240943908691e-01 6.844095885753631592e-02
5.700827240943908691e-01 6.844108551740646362e-02
5.700827240943908691e-01 6.844101846218109131e-02
5.700828433036804199e-01 6.844109296798706055e-02
5.700826048851013184e-01 6.844098865985870361e-02
5.700827836990356445e-01 6.844105571508407593e-02
4.359138607978820801e-01 6.593863964080810547e-01
4.359136819839477539e-01 6.593862175941467285e-01
4.359138607978820801e-01 6.593862771987915039e-01
4.359138011932373047e-01 6.593863368034362793e-01
4.359138607978820801e-01 6.593863368034362793e-01
4.359139204025268555e-01 6.593863368034362793e-01
4.359138011932373047e-01 6.593861579895019531e-01
4.359137415885925293e-01 6.593861579895019531e-01
4.359138607978820801e-01 6.593863964080810547e-01
4.359134435653686523e-01 6.593862175941467285e-01
4.359138011932373047e-01 6.593863964080810547e-01
4.359138607978820801e-01 6.593865156173706055e-01
4.359138607978820801e-01 6.593863368034362793e-01
4.359136819839477539e-01 6.593863368034362793e-01
4.359138607978820801e-01 6.593862771987915039e-01
4.359138607978820801e-01 6.593865156173706055e-01
4.359136819839477539e-01 6.593862175941467285e-01
4.359137415885925293e-01 6.593863368034362793e-01
4.359137415885925293e-01 6.593862771987915039e-01
4.359138607978820801e-01 6.593863368034362793e-01
4.359138011932373047e-01 6.593862175941467285e-01
4.359138607978820801e-01 6.593862771987915039e-01
5.017098784446716309e-01 2.655172944068908691e-01
5.017099380493164062e-01 2.655174136161804199e-01
5.017098784446716309e-01 2.655174136161804199e-01
5.017100572586059570e-01 2.655174732208251953e-01
5.017098188400268555e-01 2.655175924301147461e-01
5.017098784446716309e-01 2.655175924301147461e-01
5.017099380493164062e-01 2.655173540115356445e-01
5.017099380493164062e-01 2.655174136161804199e-01
5.017099380493164062e-01 2.655172944068908691e-01
5.017098784446716309e-01 2.655173540115356445e-01
5.017098784446716309e-01 2.655174136161804199e-01
5.017098784446716309e-01 2.655174136161804199e-01
5.017100572586059570e-01 2.655173540115356445e-01
5.017098188400268555e-01 2.655174136161804199e-01
5.017097592353820801e-01 2.655172944068908691e-01
5.017098784446716309e-01 2.655175328254699707e-01
5.017098188400268555e-01 2.655175328254699707e-01
5.017098784446716309e-01 2.655173540115356445e-01
5.017101168632507324e-01 2.655174732208251953e-01
5.017097592353820801e-01 2.655175328254699707e-01
5.017098188400268555e-01 2.655174136161804199e-01
5.017098188400268555e-01 2.655174136161804199e-01
4.859273731708526611e-01 5.665706992149353027e-01
4.859275519847869873e-01 5.665706992149353027e-01
4.859275519847869873e-01 5.665703415870666504e-01
4.859273731708526611e-01 5.665708780288696289e-01
4.859273731708526611e-01 5.665704011917114258e-01
4.859273731708526611e-01 5.665703415870666504e-01
4.859273731708526611e-01 5.665707588195800781e-01
4.859274923801422119e-01 5.665703415870666504e-01
4.859274327754974365e-01 5.665707588195800781e-01
4.859276115894317627e-01 5.665708780288696289e-01
4.859271943569183350e-01 5.665704011917114258e-01
4.859273731708526611e-01 5.665704011917114258e-01
4.859274923801422119e-01 5.665707588195800781e-01
4.859274923801422119e-01 5.665708780288696289e-01
4.859275519847869873e-01 5.665706396102905273e-01
4.859272539615631104e-01 5.665706396102905273e-01
4.859273135662078857e-01 5.665704011917114258e-01
4.859272539615631104e-01 5.665706396102905273e-01
4.859273731708526611e-01 5.665706396102905273e-01
4.859273135662078857e-01 5.665704607963562012e-01
4.859276115894317627e-01 5.665708184242248535e-01
4.859274327754974365e-01 5.665708184242248535e-01
4.851673543453216553e-01 3.838286399841308594e-01
4.851671755313873291e-01 3.838285207748413086e-01
4.851672351360321045e-01 3.838285207748413086e-01
4.851673543453216553e-01 3.838286399841308594e-01
4.851673543453216553e-01 3.838286399841308594e-01
4.851673543453216553e-01 3.838286399841308594e-01
4.851674139499664307e-01 3.838286399841308594e-01
4.851672351360321045e-01 3.838284611701965332e-01
4.851673543453216553e-01 3.838286995887756348e-01
4.851672351360321045e-01 3.838287591934204102e-01
4.851672351360321045e-01 3.838286399841308594e-01
4.851674139499664307e-01 3.838284015655517578e-01
4.851673543453216553e-01 3.838286399841308594e-01
4.851671159267425537e-01 3.838286399841308594e-01
4.851672947406768799e-01 3.838286399841308594e-01
4.851672351360321045e-01 3.838285803794860840e-01
4.851671159267425537e-01 3.838286399841308594e-01
4.851674735546112061e-01 3.838285207748413086e-01
4.851672947406768799e-01 3.838285803794860840e-01
4.851672351360321045e-01 3.838287591934204102e-01
4.851671159267425537e-01 3.838285207748413086e-01
4.851671755313873291e-01 3.838286995887756348e-01
4.920996129512786865e-01 3.276187777519226074e-01
4.920997917652130127e-01 3.276187777519226074e-01
4.920993745326995850e-01 3.276187181472778320e-01
4.920999705791473389e-01 3.276188969612121582e-01
4.920999705791473389e-01 3.276188373565673828e-01
4.920996725559234619e-01 3.276184201240539551e-01
4.920997321605682373e-01 3.276187181472778320e-01
4.920999109745025635e-01 3.276187777519226074e-01
4.920995533466339111e-01 3.276183605194091797e-01
4.920996725559234619e-01 3.276185393333435059e-01
4.920999705791473389e-01 3.276188373565673828e-01
4.920999109745025635e-01 3.276188969612121582e-01
4.920997917652130127e-01 3.276188373565673828e-01
4.920998513698577881e-01 3.276188969612121582e-01
4.920999705791473389e-01 3.276186585426330566e-01
4.920999109745025635e-01 3.276186585426330566e-01
4.920995533466339111e-01 3.276187181472778320e-01
4.920997917652130127e-01 3.276186585426330566e-01
4.920995533466339111e-01 3.276188969612121582e-01
4.920996725559234619e-01 3.276190161705017090e-01
4.920998513698577881e-01 3.276187777519226074e-01
4.921000301837921143e-01 3.276187181472778320e-01
3.742593824863433838e-01 8.151227235794067383e-01
3.742590248584747314e-01 8.151229023933410645e-01
3.742593526840209961e-01 8.151229023933410645e-01
3.742594420909881592e-01 8.151234388351440430e-01
3.742590844631195068e-01 8.151233792304992676e-01
3.742594420909881592e-01 8.151233196258544922e-01
3.742594718933105469e-01 8.151230812072753906e-01
3.742596209049224854e-01 8.151233792304992676e-01
3.742591440677642822e-01 8.151232600212097168e-01
3.742592036724090576e-01 8.151230812072753906e-01
3.742595314979553223e-01 8.151229023933410645e-01
3.742595314979553223e-01 8.151230812072753906e-01
3.742594122886657715e-01 8.151227831840515137e-01
3.742596507072448730e-01 8.151229619979858398e-01
3.742596209049224854e-01 8.151231408119201660e-01
3.742594420909881592e-01 8.151232004165649414e-01
3.742595613002777100e-01 8.151233196258544922e-01
3.742593228816986084e-01 8.151230812072753906e-01
3.742593824863433838e-01 8.151231408119201660e-01
3.742595016956329346e-01 8.151229023933410645e-01
3.742596209049224854e-01 8.151233196258544922e-01
3.742594718933105469e-01 8.151229023933410645e-01
4.709406197071075439e-01 3.940320611000061035e-01
4.709405601024627686e-01 3.940320014953613281e-01
4.709410369396209717e-01 3.940321207046508789e-01
4.709410369396209717e-01 3.940319418907165527e-01
4.709410965442657471e-01 3.940320014953613281e-01
4.709409773349761963e-01 3.940321207046508789e-01
4.709407985210418701e-01 3.940321207046508789e-01
4.709404408931732178e-01 3.940320014953613281e-01
4.709407985210418701e-01 3.940320014953613281e-01
4.709406197071075439e-01 3.940320611000061035e-01
4.709407389163970947e-01 3.940318822860717773e-01
4.709407985210418701e-01 3.940318226814270020e-01
4.709407985210418701e-01 3.940321803092956543e-01
4.709407985210418701e-01 3.940319418907165527e-01
4.709408581256866455e-01 3.940320014953613281e-01
4.709405004978179932e-01 3.940321207046508789e-01
4.709406793117523193e-01 3.940320611000061035e-01
4.709409773349761963e-01 3.940321803092956543e-01
4.709407389163970947e-01 3.940321207046508789e-01
4.709405601024627686e-01 3.940322399139404297e-01
4.709405004978179932e-01 3.940320014953613281e-01
4.709406197071075439e-01 3.940321207046508789e-01
4.513628184795379639e-01 2.789610624313354492e-01
4.513628780841827393e-01 2.789608240127563477e-01
4.513628184795379639e-01 2.789609432220458984e-01
4.513629972934722900e-01 2.789608836174011230e-01
4.513629972934722900e-01 2.789607644081115723e-01
4.513626396656036377e-01 2.789610028266906738e-01
4.513628780841827393e-01 2.789608240127563477e-01
4.513628780841827393e-01 2.789609432220458984e-01
4.513629376888275146e-01 2.789609432220458984e-01
4.513628184795379639e-01 2.789608836174011230e-01
4.513629376888275146e-01 2.789608836174011230e-01
4.513628780841827393e-01 2.789609432220458984e-01
4.513628780841827393e-01 2.789610028266906738e-01
4.513627588748931885e-01 2.789609432220458984e-01
4.513628184795379639e-01 2.789610028266906738e-01
4.513628780841827393e-01 2.789609432220458984e-01
4.513627588748931885e-01 2.789610028266906738e-01
4.513627588748931885e-01 2.789608240127563477e-01
4.513628780841827393e-01 2.789609432220458984e-01
4.513628184795379639e-01 2.789608240127563477e-01
4.513626992702484131e-01 2.789610028266906738e-01
4.513628184795379639e-01 2.789609432220458984e-01
4.656929671764373779e-01 5.628467202186584473e-01
4.656929075717926025e-01 5.628466606140136719e-01
4.656929671764373779e-01 5.628465414047241211e-01
4.656928479671478271e-01 5.628466010093688965e-01
4.656926691532135010e-01 5.628466010093688965e-01
4.656928479671478271e-01 5.628466606140136719e-01
4.656927287578582764e-01 5.628464818000793457e-01
4.656926095485687256e-01 5.628464818000793457e-01
4.656930863857269287e-01 5.628466606140136719e-01
4.656927883625030518e-01 5.628466606140136719e-01
4.656927883625030518e-01 5.628465414047241211e-01
4.656926691532135010e-01 5.628467202186584473e-01
4.656926691532135010e-01 5.628466606140136719e-01
4.656927883625030518e-01 5.628467798233032227e-01
4.656928479671478271e-01 5.628466606140136719e-01
4.656927883625030518e-01 5.628466010093688965e-01
4.656928479671478271e-01 5.628465414047241211e-01
4.656929075717926025e-01 5.628466010093688965e-01
4.656928479671478271e-01 5.628466606140136719e-01
4.656926691532135010e-01 5.628466606140136719e-01
4.656927287578582764e-01 5.628465414047241211e-01
4.656927883625030518e-01 5.628465414047241211e-01
4.501977264881134033e-01 6.338651776313781738e-01
4.501977264881134033e-01 6.338652968406677246e-01
4.501983225345611572e-01 6.338651180267333984e-01
4.501978456974029541e-01 6.338652372360229492e-01
4.501977264881134033e-01 6.338650584220886230e-01
4.501974880695343018e-01 6.338651180267333984e-01
4.501976668834686279e-01 6.338649988174438477e-01
4.501982033252716064e-01 6.338648200035095215e-01
4.501976668834686279e-01 6.338648200035095215e-01
4.501977264881134033e-01 6.338652372360229492e-01
4.501977264881134033e-01 6.338648200035095215e-01
4.501977264881134033e-01 6.338649988174438477e-01
4.501978456974029541e-01 6.338648200035095215e-01
4.501974284648895264e-01 6.338648200035095215e-01
4.501978456974029541e-01 6.338647603988647461e-01
4.501980245113372803e-01 6.338652968406677246e-01
4.501980841159820557e-01 6.338654160499572754e-01
4.501981437206268311e-01 6.338648796081542969e-01
4.501977860927581787e-01 6.338649392127990723e-01
4.501976072788238525e-01 6.338649392127990723e-01
4.501982033252716064e-01 6.338648200035095215e-01
4.501979053020477295e-01 6.338651776313781738e-01
5.032562017440795898e-01 4.425057172775268555e-01
5.032564401626586914e-01 4.425057768821716309e-01
5.032562613487243652e-01 4.425054788589477539e-01
5.032562613487243652e-01 4.425055980682373047e-01
5.032561421394348145e-01 4.425055384635925293e-01
5.032563209533691406e-01 4.425054788589477539e-01
5.032564401626586914e-01 4.425056576728820801e-01
5.032561421394348145e-01 4.425056576728820801e-01
5.032563805580139160e-01 4.425058364868164062e-01
5.032561421394348145e-01 4.425057768821716309e-01
5.032563805580139160e-01 4.425055980682373047e-01
5.032564997673034668e-01 4.425056576728820801e-01
5.032562017440795898e-01 4.425055384635925293e-01
5.032562613487243652e-01 4.425056576728820801e-01
5.032562613487243652e-01 4.425057172775268555e-01
5.032563209533691406e-01 4.425055980682373047e-01
5.032564997673034668e-01 4.425055980682373047e-01
5.032564401626586914e-01 4.425055384635925293e-01
5.032562613487243652e-01 4.425058364868164062e-01
5.032560825347900391e-01 4.425056576728820801e-01
5.032562613487243652e-01 4.425054788589477539e-01
5.032562613487243652e-01 4.425055980682373047e-01
4.545355141162872314e-01 6.507207751274108887e-01
4.545356333255767822e-01 6.507206559181213379e-01
4.545355737209320068e-01 6.507205367088317871e-01
4.545356333255767822e-01 6.507206559181213379e-01
4.545356333255767822e-01 6.507206559181213379e-01
4.545355737209320068e-01 6.507207155227661133e-01
4.545356929302215576e-01 6.507206559181213379e-01
4.545356333255767822e-01 6.507205963134765625e-01
4.545357525348663330e-01 6.507207155227661133e-01
4.545355737209320068e-01 6.507205963134765625e-01
4.545356929302215576e-01 6.507205963134765625e-01
4.545354545116424561e-01 6.507205963134765625e-01
4.545355141162872314e-01 6.507205963134765625e-01
4.545355737209320068e-01 6.507205367088317871e-01
4.545355141162872314e-01 6.507206559181213379e-01
4.545356333255767822e-01 6.507206559181213379e-01
4.545358121395111084e-01 6.507205963134765625e-01
4.545355737209320068e-01 6.507205963134765625e-01
4.545355141162872314e-01 6.507207155227661133e-01
4.545355141162872314e-01 6.507204174995422363e-01
4.545356929302215576e-01 6.507205367088317871e-01
4.545356333255767822e-01 6.507205367088317871e-01
4.554823935031890869e-01 6.256626248359680176e-01
4.554822146892547607e-01 6.256626248359680176e-01
4.554822742938995361e-01 6.256626248359680176e-01
4.554824531078338623e-01 6.256626248359680176e-01
4.554825127124786377e-01 6.256625652313232422e-01
4.554823935031890869e-01 6.256625652313232422e-01
4.554823935031890869e-01 6.256626844406127930e-01
4.554824531078338623e-01 6.256625056266784668e-01
4.554822146892547607e-01 6.256626844406127930e-01
4.554823935031890869e-01 6.256627440452575684e-01
4.554824531078338623e-01 6.256626248359680176e-01
4.554822742938995361e-01 6.256626844406127930e-01
4.554826319217681885e-01 6.256625056266784668e-01
4.554825127124786377e-01 6.256626248359680176e-01
4.554822742938995361e-01 6.256627440452575684e-01
4.554822146892547607e-01 6.256626844406127930e-01
4.554823338985443115e-01 6.256626248359680176e-01
4.554825127124786377e-01 6.256626248359680176e-01
4.554823338985443115e-01 6.256626248359680176e-01
4.554823935031890869e-01 6.256625652313232422e-01
4.554823935031890869e-01 6.256625652313232422e-01
4.554822742938995361e-01 6.256626844406127930e-01
3.481092751026153564e-01 8.827352523803710938e-01
3.481092751026153564e-01 8.827350735664367676e-01
3.481091856956481934e-01 8.827351331710815430e-01
3.481091260910034180e-01 8.827350139617919922e-01
3.481090068817138672e-01 8.827352523803710938e-01
3.481088280677795410e-01 8.827351927757263184e-01
3.481088876724243164e-01 8.827351927757263184e-01
3.481089472770690918e-01 8.827351927757263184e-01
3.481087982654571533e-01 8.827351331710815430e-01
3.481092453002929688e-01 8.827351331710815430e-01
3.481090664863586426e-01 8.827350139617919922e-01
3.481090366840362549e-01 8.827352523803710938e-01
3.481093049049377441e-01 8.827350735664367676e-01
3.481092453002929688e-01 8.827348947525024414e-01
3.481091856956481934e-01 8.827350735664367676e-01
3.481089174747467041e-01 8.827350735664367676e-01
3.481087386608123779e-01 8.827351927757263184e-01
3.481092751026153564e-01 8.827352523803710938e-01
3.481091260910034180e-01 8.827350735664367676e-01
3.481089770793914795e-01 8.827353119850158691e-01
3.481091856956481934e-01 8.827350139617919922e-01
3.481089770793914795e-01 8.827352523803710938e-01
4.648726284503936768e-01 4.126336574554443359e-01
4.648728072643280029e-01 4.126332998275756836e-01
4.648727476596832275e-01 4.126332998275756836e-01
4.648723304271697998e-01 4.126335382461547852e-01
4.648726880550384521e-01 4.126334786415100098e-01
4.648726880550384521e-01 4.126334786415100098e-01
4.648723900318145752e-01 4.126334190368652344e-01
4.648725092411041260e-01 4.126334190368652344e-01
4.648725092411041260e-01 4.126334190368652344e-01
4.648725688457489014e-01 4.126334786415100098e-01
4.648725092411041260e-01 4.126335382461547852e-01
4.648724496364593506e-01 4.126334190368652344e-01
4.648723900318145752e-01 4.126335382461547852e-01
4.648725092411041260e-01 4.126334190368652344e-01
4.648725092411041260e-01 4.126334786415100098e-01
4.648725092411041260e-01 4.126334190368652344e-01
4.648725092411041260e-01 4.126335382461547852e-01
4.648725092411041260e-01 4.126334190368652344e-01
4.648725688457489014e-01 4.126335382461547852e-01
4.648726880550384521e-01 4.126333594322204590e-01
4.648726284503936768e-01 4.126333594322204590e-01
4.648722708225250244e-01 4.126337170600891113e-01
4.538604319095611572e-01 3.842057585716247559e-01
4.538603723049163818e-01 3.842055797576904297e-01
4.538604319095611572e-01 3.842056393623352051e-01
4.538603127002716064e-01 3.842056393623352051e-01
4.538604319095611572e-01 3.842056989669799805e-01
4.538603723049163818e-01 3.842055797576904297e-01
4.538602530956268311e-01 3.842056393623352051e-01
4.538604319095611572e-01 3.842057585716247559e-01
4.538603127002716064e-01 3.842056393623352051e-01
4.538603127002716064e-01 3.842056989669799805e-01
4.538602530956268311e-01 3.842058181762695312e-01
4.538604915142059326e-01 3.842056393623352051e-01
4.538603127002716064e-01 3.842055797576904297e-01
4.538604915142059326e-01 3.842056393623352051e-01
4.538603723049163818e-01 3.842056989669799805e-01
4.538603127002716064e-01 3.842059373855590820e-01
4.538602530956268311e-01 3.842056989669799805e-01
4.538601934909820557e-01 3.842056989669799805e-01
4.538603723049163818e-01 3.842056989669799805e-01
4.538603127002716064e-01 3.842056393623352051e-01
4.538604915142059326e-01 3.842056989669799805e-01
4.538603723049163818e-01 3.842056393623352051e-01
4.781170189380645752e-01 3.044598102569580078e-01
4.781168997287750244e-01 3.044598698616027832e-01
4.781166613101959229e-01 3.044595718383789062e-01
4.781169593334197998e-01 3.044595122337341309e-01
4.781170189380645752e-01 3.044597506523132324e-01
4.781170785427093506e-01 3.044598102569580078e-01
4.781167209148406982e-01 3.044599294662475586e-01
4.781168997287750244e-01 3.044597506523132324e-01
4.781170189380645752e-01 3.044597506523132324e-01
4.781170189380645752e-01 3.044598102569580078e-01
4.781168997287750244e-01 3.044598102569580078e-01
4.781168401241302490e-01 3.044596910476684570e-01
4.781169593334197998e-01 3.044596910476684570e-01
4.781169593334197998e-01 3.044598102569580078e-01
4.781168997287750244e-01 3.044598102569580078e-01
4.781171381473541260e-01 3.044596314430236816e-01
4.781170189380645752e-01 3.044596910476684570e-01
4.781168997287750244e-01 3.044596910476684570e-01
4.781170189380645752e-01 3.044596910476684570e-01
4.781168997287750244e-01 3.044598102569580078e-01
4.781171381473541260e-01 3.044596910476684570e-01
4.781171977519989014e-01 3.044597506523132324e-01
5.830020904541015625e-01 6.987516880035400391e-01
5.830020308494567871e-01 6.987516283988952637e-01
5.830020904541015625e-01 6.987517476081848145e-01
5.830022096633911133e-01 6.987515687942504883e-01
5.830020904541015625e-01 6.987518668174743652e-01
5.830022692680358887e-01 6.987516880035400391e-01
5.830019712448120117e-01 6.987516283988952637e-01
5.830023288726806641e-01 6.987516880035400391e-01
5.830019116401672363e-01 6.987517476081848145e-01
5.830020308494567871e-01 6.987516283988952637e-01
5.830020308494567871e-01 6.987516880035400391e-01
5.830020904541015625e-01 6.987515687942504883e-01
5.830020904541015625e-01 6.987518072128295898e-01
5.830020904541015625e-01 6.987517476081848145e-01
5.830020308494567871e-01 6.987515687942504883e-01
5.830020904541015625e-01 6.987515687942504883e-01
5.830019116401672363e-01 6.987518668174743652e-01
5.830021500587463379e-01 6.987518072128295898e-01
5.830020904541015625e-01 6.987515687942504883e-01
5.830018520355224609e-01 6.987515687942504883e-01
5.830019712448120117e-01 6.987516880035400391e-01
5.830019712448120117e-01 6.987516283988952637e-01
4.299350380897521973e-01 8.676820993423461914e-01
4.299349188804626465e-01 8.676821589469909668e-01
4.299347996711730957e-01 8.676822185516357422e-01
4.299347400665283203e-01 8.676825165748596191e-01
4.299345612525939941e-01 8.676820993423461914e-01
4.299347400665283203e-01 8.676822781562805176e-01
4.299347996711730957e-01 8.676822185516357422e-01
4.299347400665283203e-01 8.676821589469909668e-01
4.299347400665283203e-01 8.676823973655700684e-01
4.299348592758178711e-01 8.676822185516357422e-01
4.299346804618835449e-01 8.676823973655700684e-01
4.299350380897521973e-01 8.676820993423461914e-01
4.299345612525939941e-01 8.676823377609252930e-01
4.299347400665283203e-01 8.676822781562805176e-01
4.299348592758178711e-01 8.676821589469909668e-01
4.299347996711730957e-01 8.676820993423461914e-01
4.299346804618835449e-01 8.676820993423461914e-01
4.299346804618835449e-01 8.676822781562805176e-01
4.299346208572387695e-01 8.676823973655700684e-01
4.299347996711730957e-01 8.676822781562805176e-01
4.299350380897521973e-01 8.676821589469909668e-01
4.299347400665283203e-01 8.676821589469909668e-01
5.011202096939086914e-01 2.020948082208633423e-01
5.011200904846191406e-01 2.020947635173797607e-01
5.011204481124877930e-01 2.020947784185409546e-01
5.011200904846191406e-01 2.020948380231857300e-01
5.011200904846191406e-01 2.020946741104125977e-01
5.011200904846191406e-01 2.020947337150573730e-01
5.011201500892639160e-01 2.020948082208633423e-01
5.011203289031982422e-01 2.020948529243469238e-01
5.011201500892639160e-01 2.020947784185409546e-01
5.011202692985534668e-01 2.020947933197021484e-01
5.011202096939086914e-01 2.020948231220245361e-01
5.011202096939086914e-01 2.020947635173797607e-01
5.011200904846191406e-01 2.020947784185409546e-01
5.011202692985534668e-01 2.020948380231857300e-01
5.011201500892639160e-01 2.020948678255081177e-01
5.011202692985534668e-01 2.020948976278305054e-01
5.011202096939086914e-01 2.020947933197021484e-01
5.011200308799743652e-01 2.020948231220245361e-01
5.011199712753295898e-01 2.020947635173797607e-01
5.011202096939086914e-01 2.020948529243469238e-01
5.011200308799743652e-01 2.020946741104125977e-01
5.011202096939086914e-01 2.020948231220245361e-01
4.676062166690826416e-01 4.157504439353942871e-01
4.676063358783721924e-01 4.157504439353942871e-01
4.676065742969512939e-01 4.157504439353942871e-01
4.676063358783721924e-01 4.157505035400390625e-01
4.676063358783721924e-01 4.157506227493286133e-01
4.676063954830169678e-01 4.157503247261047363e-01
4.676065742969512939e-01 4.157505035400390625e-01
4.676063954830169678e-01 4.157506227493286133e-01
4.676062762737274170e-01 4.157505631446838379e-01
4.676064550876617432e-01 4.157506823539733887e-01
4.676063358783721924e-01 4.157503843307495117e-01
4.676065742969512939e-01 4.157506823539733887e-01
4.676065146923065186e-01 4.157504439353942871e-01
4.676063954830169678e-01 4.157504439353942871e-01
4.676065146923065186e-01 4.157506823539733887e-01
4.676063358783721924e-01 4.157504439353942871e-01
4.676063954830169678e-01 4.157504439353942871e-01
4.676066339015960693e-01 4.157505035400390625e-01
4.676063358783721924e-01 4.157505631446838379e-01
4.676064550876617432e-01 4.157503843307495117e-01
4.676065742969512939e-01 4.157505035400390625e-01
4.676063954830169678e-01 4.157505631446838379e-01
