3.508900105953216553e-01 5.906900167465209961e-01
3.169099986553192139e-01 6.033800244331359863e-01
2.858499884605407715e-01 6.120399832725524902e-01
3.411000072956085205e-01 5.743600130081176758e-01
5.157899856567382812e-01 5.565400123596191406e-01
5.150399804115295410e-01 5.569199919700622559e-01
5.137400031089782715e-01 5.603700280189514160e-01
5.181499719619750977e-01 5.590199828147888184e-01
5.195299983024597168e-01 5.581300258636474609e-01
5.178999900817871094e-01 5.590699911117553711e-01
5.211899876594543457e-01 5.563300251960754395e-01
5.457699894905090332e-01 5.570999979972839355e-01
5.412300229072570801e-01 5.419800281524658203e-01
5.374199748039245605e-01 5.431299805641174316e-01
5.356100201606750488e-01 5.461599826812744141e-01
5.358899831771850586e-01 5.476099848747253418e-01
5.370500087738037109e-01 5.494899749755859375e-01
5.368899703025817871e-01 5.494499802589416504e-01
5.336999893188476562e-01 5.447499752044677734e-01
5.305699706077575684e-01 5.426999926567077637e-01
5.324000120162963867e-01 5.473499894142150879e-01
5.394300222396850586e-01 5.504299998283386230e-01
6.175400018692016602e-01 5.890499949455261230e-01
6.172999739646911621e-01 5.889899730682373047e-01
6.169000267982482910e-01 5.896400213241577148e-01
6.161900162696838379e-01 5.893800258636474609e-01
6.168100237846374512e-01 5.893300175666809082e-01
6.171799898147583008e-01 5.874300003051757812e-01
6.171299815177917480e-01 5.891900062561035156e-01
6.172800064086914062e-01 5.899599790573120117e-01
5.495600104331970215e-01 5.844299793243408203e-01
5.432999730110168457e-01 5.856199860572814941e-01
5.459700226783752441e-01 5.858700275421142578e-01
5.458899736404418945e-01 5.860599875450134277e-01
5.474299788475036621e-01 5.901600122451782227e-01
5.476400256156921387e-01 5.899400115013122559e-01
5.471600294113159180e-01 5.904200077056884766e-01
5.469999909400939941e-01 5.906000137329101562e-01
5.467500090599060059e-01 5.909399986267089844e-01
5.459600090980529785e-01 6.062399744987487793e-01
5.455600023269653320e-01 6.088700294494628906e-01
5.456299781799316406e-01 6.123099923133850098e-01
5.456799864768981934e-01 6.153399944305419922e-01
5.450800061225891113e-01 6.169999837875366211e-01
5.148599743843078613e-01 4.463199973106384277e-01
4.869900047779083252e-01 3.701100051403045654e-01
4.873000085353851318e-01 3.679000139236450195e-01
4.842100143432617188e-01 3.713000118732452393e-01
4.835500121116638184e-01 3.702000081539154053e-01
4.713599979877471924e-01 3.703700006008148193e-01
4.797900021076202393e-01 3.826999962329864502e-01
4.822500050067901611e-01 3.847700059413909912e-01
5.030500292778015137e-01 4.308300018310546875e-01
4.571900069713592529e-01 4.231500029563903809e-01
4.630799889564514160e-01 4.227499961853027344e-01
4.632700085639953613e-01 4.226000010967254639e-01
4.684500098228454590e-01 4.209800064563751221e-01
5.152699947357177734e-01 4.498400092124938965e-01
5.136600136756896973e-01 4.522599875926971436e-01
5.115600228309631348e-01 4.559299945831298828e-01
5.091999769210815430e-01 4.582000076770782471e-01
5.077700018882751465e-01 4.568400084972381592e-01
5.057799816131591797e-01 4.531599879264831543e-01
5.073400139808654785e-01 4.546400010585784912e-01
5.132799744606018066e-01 4.487999975681304932e-01
5.135200023651123047e-01 4.469699859619140625e-01
5.000299811363220215e-01 2.798599936068058014e-02
5.028499960899353027e-01 3.900000080466270447e-02
4.972999989986419678e-01 2.234899997711181641e-02
5.021399855613708496e-01 3.534499928355216980e-02
5.222700238227844238e-01 5.537199974060058594e-02
5.181900262832641602e-01 3.953199833631515503e-02
5.246000289916992188e-01 5.581999942660331726e-02
5.203400254249572754e-01 4.669100046157836914e-02
4.743500053882598877e-01 8.014500141143798828e-02
4.714600145816802979e-01 8.315899968147277832e-02
4.720399975776672363e-01 8.386699855327606201e-02
4.712800085544586182e-01 7.432200014591217041e-02
5.540099740028381348e-01 1.337099969387054443e-01
5.508900284767150879e-01 1.369100064039230347e-01
5.519800186157226562e-01 1.300600022077560425e-01
5.540300011634826660e-01 1.409299969673156738e-01
5.554800033569335938e-01 1.353300064802169800e-01
5.899800062179565430e-01 1.455300003290176392e-01
2.968800067901611328e-01 1.206900030374526978e-01
2.964800000190734863e-01 1.206900030374526978e-01
4.465000033378601074e-01 9.271400049328804016e-04
5.051900148391723633e-01 4.306599870324134827e-02
5.650399923324584961e-01 7.386400103569030762e-01
5.682500004768371582e-01 7.108299732208251953e-01
5.683799982070922852e-01 7.088500261306762695e-01
5.688099861145019531e-01 7.083799839019775391e-01
5.690199732780456543e-01 7.085599899291992188e-01
5.697299838066101074e-01 7.076100111007690430e-01
5.721700191497802734e-01 7.036499977111816406e-01
5.715399980545043945e-01 7.053200006484985352e-01
5.714200139045715332e-01 7.091699838638305664e-01
5.725600123405456543e-01 7.136999964714050293e-01
5.742599964141845703e-01 7.179200053215026855e-01
5.643299818038940430e-01 7.417299747467041016e-01
5.640299916267395020e-01 7.416499853134155273e-01
5.639500021934509277e-01 7.436400055885314941e-01
5.630699992179870605e-01 7.438600063323974609e-01
5.627499818801879883e-01 7.434899806976318359e-01
5.636000037193298340e-01 7.442899942398071289e-01
5.635799765586853027e-01 7.432100176811218262e-01
5.632699728012084961e-01 7.439600229263305664e-01
5.633500218391418457e-01 7.433099746704101562e-01
5.624399781227111816e-01 7.441499829292297363e-01
5.623300075531005859e-01 7.448700070381164551e-01
4.452199935913085938e-01 6.454399824142456055e-01
4.910300076007843018e-01 6.458500027656555176e-01
5.019699931144714355e-01 6.428700089454650879e-01
5.013300180435180664e-01 6.459400057792663574e-01
5.012800097465515137e-01 6.470999717712402344e-01
5.022500157356262207e-01 6.470599770545959473e-01
5.284100174903869629e-01 6.370999813079833984e-01
5.295400023460388184e-01 6.387299895286560059e-01
5.281599760055541992e-01 6.382399797439575195e-01
5.281500220298767090e-01 6.381999850273132324e-01
5.287500023841857910e-01 6.380299925804138184e-01
5.284900069236755371e-01 6.382600069046020508e-01
4.566499888896942139e-01 6.432300209999084473e-01
4.569799900054931641e-01 6.458600163459777832e-01
4.580399990081787109e-01 6.475700139999389648e-01
4.692299962043762207e-01 6.431199908256530762e-01
4.842399954795837402e-01 6.379699707031250000e-01
4.845800101757049561e-01 6.370800137519836426e-01
4.846099913120269775e-01 6.386100053787231445e-01
4.849199950695037842e-01 6.400700211524963379e-01
4.849799871444702148e-01 6.423900127410888672e-01
4.853399991989135742e-01 6.425600051879882812e-01
4.903700053691864014e-01 5.237799882888793945e-01
5.443099737167358398e-01 6.287999749183654785e-01
4.866600036621093750e-01 5.180900096893310547e-01
4.853399991989135742e-01 5.195199847221374512e-01
6.631399989128112793e-01 5.833399891853332520e-01
6.634100079536437988e-01 5.834299921989440918e-01
6.629499793052673340e-01 5.826600193977355957e-01
6.631000041961669922e-01 5.827900171279907227e-01
6.622999906539916992e-01 5.832200050354003906e-01
6.635100245475769043e-01 5.820900201797485352e-01
6.661499738693237305e-01 5.457000136375427246e-01
4.545699954032897949e-01 5.393599867820739746e-01
4.575000107288360596e-01 5.358700156211853027e-01
5.063800215721130371e-01 5.672500133514404297e-01
5.084300041198730469e-01 5.779100060462951660e-01
5.099400281906127930e-01 5.837399959564208984e-01
5.106899738311767578e-01 5.851799845695495605e-01
5.114200115203857422e-01 5.787000060081481934e-01
5.203899741172790527e-01 5.225800275802612305e-01
5.182899832725524902e-01 5.247700214385986328e-01
5.161299705505371094e-01 5.291299819946289062e-01
5.139999985694885254e-01 5.351300239562988281e-01
6.593000292778015137e-01 5.682299733161926270e-01
4.289700090885162354e-01 6.097199916839599609e-01
4.283699989318847656e-01 6.059700250625610352e-01
4.308899939060211182e-01 6.130800247192382812e-01
6.478499770164489746e-01 6.185899972915649414e-01
6.481199860572814941e-01 5.455499887466430664e-01
6.477199792861938477e-01 5.461000204086303711e-01
5.072299838066101074e-01 5.506799817085266113e-01
5.224999785423278809e-01 6.089400053024291992e-01
4.885300099849700928e-01 6.072400212287902832e-01
4.387499988079071045e-01 6.050900220870971680e-01
4.395200014114379883e-01 6.054199934005737305e-01
4.374800026416778564e-01 6.027600169181823730e-01
4.359200000762939453e-01 6.048200130462646484e-01
4.354600012302398682e-01 6.091600060462951660e-01
4.377000033855438232e-01 6.108599901199340820e-01
4.375300109386444092e-01 6.100299954414367676e-01
4.364399909973144531e-01 6.106600165367126465e-01
4.378600120544433594e-01 6.095600128173828125e-01
6.953399777412414551e-01 5.260300040245056152e-01
6.913099884986877441e-01 5.275200009346008301e-01
6.899099946022033691e-01 5.337200164794921875e-01
4.852100014686584473e-01 2.706699967384338379e-01
4.871599972248077393e-01 2.706699967384338379e-01
4.900900125503540039e-01 4.780899882316589355e-01
4.872399866580963135e-01 4.573000073432922363e-01
4.873400032520294189e-01 4.584099948406219482e-01
4.858900010585784912e-01 4.525099992752075195e-01
4.856399893760681152e-01 4.491699934005737305e-01
6.620299816131591797e-01 4.788300096988677979e-01
6.663399934768676758e-01 4.766699969768524170e-01
6.684399843215942383e-01 4.771600067615509033e-01
6.672800183296203613e-01 4.810900092124938965e-01
6.693000197410583496e-01 4.803200066089630127e-01
6.710000038146972656e-01 4.898799955844879150e-01
6.630600094795227051e-01 4.941700100898742676e-01
6.671000123023986816e-01 5.045199990272521973e-01
6.769199967384338379e-01 4.989700019359588623e-01
6.737099885940551758e-01 4.957199990749359131e-01
6.767699718475341797e-01 4.960600137710571289e-01
6.772000193595886230e-01 4.978300034999847412e-01
6.789699792861938477e-01 4.978300034999847412e-01
6.788399815559387207e-01 4.997600018978118896e-01
6.833400130271911621e-01 5.123400092124938965e-01
8.433300256729125977e-02 6.805899739265441895e-01
8.417999744415283203e-02 6.812300086021423340e-01
1.214099973440170288e-01 8.557500243186950684e-01
1.218800023198127747e-01 8.545899987220764160e-01
1.223599985241889954e-01 8.534100055694580078e-01
1.224500015377998352e-01 8.514999747276306152e-01
8.275599777698516846e-02 6.850000023841857910e-01
8.454000204801559448e-02 6.816200017929077148e-01
8.750300109386444092e-02 6.711599826812744141e-01
1.524499952793121338e-01 8.457099795341491699e-01
9.122599661350250244e-02 7.471699714660644531e-01
9.972000122070312500e-02 7.465599775314331055e-01
1.199100017547607422e-01 8.294199705123901367e-01
1.177600026130676270e-01 8.276600241661071777e-01
1.191100031137466431e-01 8.320800065994262695e-01
1.186800003051757812e-01 8.308100104331970215e-01
1.168000027537345886e-01 8.237699866294860840e-01
1.182899996638298035e-01 8.299199938774108887e-01
1.181299984455108643e-01 8.472300171852111816e-01
1.097799986600875854e-01 8.572300076484680176e-01
1.193199977278709412e-01 8.624600172042846680e-01
1.200700029730796814e-01 8.598799705505371094e-01
5.337499976158142090e-01 4.783799946308135986e-01
5.250999927520751953e-01 4.830200076103210449e-01
5.275999903678894043e-01 5.001900196075439453e-01
5.959799885749816895e-01 4.997699856758117676e-01
6.039199829101562500e-01 5.069000124931335449e-01
5.149000287055969238e-01 5.172299742698669434e-01
4.972499907016754150e-01 5.118499994277954102e-01
5.143499970436096191e-01 5.127900242805480957e-01
5.148699879646301270e-01 5.068699717521667480e-01
5.266799926757812500e-01 5.073400139808654785e-01
5.149599909782409668e-01 5.004400014877319336e-01
5.177500247955322266e-01 4.885300099849700928e-01
5.174499750137329102e-01 4.801700115203857422e-01
5.164200067520141602e-01 4.784100055694580078e-01
5.140600204467773438e-01 4.763599932193756104e-01
5.125300288200378418e-01 4.770599901676177979e-01
5.116800069808959961e-01 4.704999923706054688e-01
5.137199759483337402e-01 4.740099906921386719e-01
4.930199980735778809e-01 5.248600244522094727e-01
4.946500062942504883e-01 5.232599973678588867e-01
4.952000081539154053e-01 5.205299854278564453e-01
4.593600034713745117e-01 5.214800238609313965e-01
5.008599758148193359e-01 4.132499992847442627e-01
4.808500111103057861e-01 4.172599911689758301e-01
4.634099900722503662e-01 4.132800102233886719e-01
4.583899974822998047e-01 4.123600125312805176e-01
6.237499713897705078e-01 8.738700151443481445e-01
6.146600246429443359e-01 8.738700151443481445e-01
6.121900081634521484e-01 8.738700151443481445e-01
6.148800253868103027e-01 8.738700151443481445e-01
6.138899922370910645e-01 8.738700151443481445e-01
6.084200143814086914e-01 8.738700151443481445e-01
6.053000092506408691e-01 8.738700151443481445e-01
5.293800234794616699e-01 9.920600056648254395e-01
5.185400247573852539e-01 9.901599884033203125e-01
5.158200263977050781e-01 1.003299951553344727e+00
5.076299905776977539e-01 1.007799983024597168e+00
5.054799914360046387e-01 1.010599970817565918e+00
5.043500065803527832e-01 1.006800055503845215e+00
5.436199903488159180e-01 9.772800207138061523e-01
6.029899716377258301e-01 9.923499822616577148e-01
6.066799759864807129e-01 9.955599904060363770e-01
6.044300198554992676e-01 1.000900030136108398e+00
6.052299737930297852e-01 1.001899957656860352e+00
5.803599953651428223e-01 7.249600291252136230e-01
5.794500112533569336e-01 7.229599952697753906e-01
5.781199932098388672e-01 7.228199839591979980e-01
5.771899819374084473e-01 7.228299975395202637e-01
5.782999992370605469e-01 7.143099904060363770e-01
6.146600246429443359e-01 6.917200088500976562e-01
6.147800087928771973e-01 6.916199922561645508e-01
6.147900223731994629e-01 6.916099786758422852e-01
6.146000027656555176e-01 6.915199756622314453e-01
6.126400232315063477e-01 6.918100118637084961e-01
6.125699877738952637e-01 6.913200020790100098e-01
6.244300007820129395e-01 6.926299929618835449e-01
5.196800231933593750e-01 6.285799741744995117e-01
5.205600261688232422e-01 6.311399936676025391e-01
5.214200019836425781e-01 6.347799897193908691e-01
5.214899778366088867e-01 6.345900297164916992e-01
5.212799906730651855e-01 6.357899904251098633e-01
4.225200116634368896e-01 7.214699983596801758e-01
4.244199991226196289e-01 7.123500108718872070e-01
4.239000082015991211e-01 7.137100100517272949e-01
4.135900139808654785e-01 7.600200176239013672e-01
4.094299972057342529e-01 7.983599901199340820e-01
4.459899961948394775e-01 8.967900276184082031e-01
3.728399872779846191e-01 8.949599862098693848e-01
3.702799975872039795e-01 8.801599740982055664e-01
3.741599917411804199e-01 8.667299747467041016e-01
3.629499971866607666e-01 8.620600104331970215e-01
4.361599981784820557e-01 8.195199966430664062e-01
4.348900020122528076e-01 7.879800200462341309e-01
4.829100072383880615e-01 6.726499795913696289e-01
4.694800078868865967e-01 6.615599989891052246e-01
4.758200049400329590e-01 6.612499952316284180e-01
5.337399840354919434e-01 6.826999783515930176e-01
5.396599769592285156e-01 6.810200214385986328e-01
5.682200193405151367e-01 6.871200203895568848e-01
5.646399855613708496e-01 6.728399991989135742e-01
5.913199782371520996e-01 1.057899951934814453e+00
5.894899964332580566e-01 1.058500051498413086e+00
5.832899808883666992e-01 1.065899968147277832e+00
3.321099877357482910e-01 8.924599885940551758e-01
3.269700109958648682e-01 8.895999789237976074e-01
3.286400139331817627e-01 8.941000103950500488e-01
3.285799920558929443e-01 8.917700052261352539e-01
3.285399973392486572e-01 8.858199715614318848e-01
5.424699783325195312e-01 5.151799917221069336e-01
6.401600241661071777e-01 5.069199800491333008e-01
6.408100128173828125e-01 5.058400034904479980e-01
6.401900053024291992e-01 5.115399956703186035e-01
5.307300090789794922e-01 5.279099941253662109e-01
5.146600008010864258e-01 5.023599863052368164e-01
5.143399834632873535e-01 5.020700097084045410e-01
5.141500234603881836e-01 5.017799735069274902e-01
5.134400129318237305e-01 5.004699826240539551e-01
5.132300257682800293e-01 5.001400113105773926e-01
5.131099820137023926e-01 4.980799853801727295e-01
5.130299925804138184e-01 5.002300143241882324e-01
5.126799941062927246e-01 4.998100101947784424e-01
5.252000093460083008e-01 4.995099902153015137e-01
5.469400286674499512e-01 4.955199956893920898e-01
5.468099713325500488e-01 4.958100020885467529e-01
6.127799749374389648e-01 4.964900016784667969e-01
5.517399907112121582e-01 5.099099874496459961e-01
6.420900225639343262e-01 4.975700080394744873e-01
5.478399991989135742e-01 5.174199938774108887e-01
6.409100294113159180e-01 5.051800012588500977e-01
6.401500105857849121e-01 5.060200095176696777e-01
4.469600021839141846e-01 3.423399925231933594e-01
4.865700006484985352e-01 3.482199907302856445e-01
5.773100256919860840e-01 3.790299892425537109e-01
5.864899754524230957e-01 4.122399985790252686e-01
5.171399712562561035e-01 3.914000093936920166e-01
3.993200063705444336e-01 3.085899949073791504e-01
3.816699981689453125e-01 2.961199879646301270e-01
3.929499983787536621e-01 3.003799915313720703e-01
3.923999965190887451e-01 3.014400005340576172e-01
3.941299915313720703e-01 2.953999936580657959e-01
3.925899863243103027e-01 2.962799966335296631e-01
3.967599868774414062e-01 2.995400130748748779e-01
4.115299880504608154e-01 3.004400134086608887e-01
4.223499894142150879e-01 3.066799938678741455e-01
4.238199889659881592e-01 3.033699989318847656e-01
4.218800067901611328e-01 2.983100116252899170e-01
4.209600090980529785e-01 3.024600148200988770e-01
4.307399988174438477e-01 3.213799893856048584e-01
4.317600131034851074e-01 3.134100139141082764e-01
4.303399920463562012e-01 3.145299851894378662e-01
4.284200072288513184e-01 3.135299980640411377e-01
4.331400096416473389e-01 3.117600083351135254e-01
1.217600032687187195e-01 7.798900008201599121e-01
1.218999996781349182e-01 7.806100249290466309e-01
1.231700032949447632e-01 7.773799896240234375e-01
1.234500035643577576e-01 7.857699990272521973e-01
1.232699975371360779e-01 7.893800139427185059e-01
1.234200000762939453e-01 7.881299853324890137e-01
1.234200000762939453e-01 7.882199883460998535e-01
1.228799968957901001e-01 7.885100245475769043e-01
1.228000000119209290e-01 7.891399860382080078e-01
1.230600029230117798e-01 7.885400056838989258e-01
8.301100134849548340e-02 7.357000112533569336e-01
1.297899987548589706e-02 7.085999846458435059e-01
7.440399844199419022e-03 7.110099792480468750e-01
6.978800147771835327e-02 7.276700139045715332e-01
3.357400000095367432e-01 5.867900252342224121e-01
3.390699923038482666e-01 5.893899798393249512e-01
2.871299982070922852e-01 6.181499958038330078e-01
1.391999982297420502e-02 6.066100001335144043e-01
3.401999920606613159e-02 6.693999767303466797e-01
4.380699992179870605e-02 6.891899704933166504e-01
1.295900046825408936e-01 7.773200273513793945e-01
1.403200030326843262e-01 7.919899821281433105e-01
6.018400192260742188e-01 7.063599824905395508e-01
5.764300227165222168e-01 6.324499845504760742e-01
5.759699940681457520e-01 6.309999823570251465e-01
5.751799941062927246e-01 6.302800178527832031e-01
5.745999813079833984e-01 6.302000284194946289e-01
5.744600296020507812e-01 6.301100254058837891e-01
5.743299722671508789e-01 6.293399930000305176e-01
5.741199851036071777e-01 6.288700103759765625e-01
5.738899707794189453e-01 6.301800012588500977e-01
6.250900030136108398e-01 6.790400147438049316e-01
6.284899711608886719e-01 6.786599755287170410e-01
6.060699820518493652e-01 7.181000113487243652e-01
5.976600050926208496e-01 6.729400157928466797e-01
5.780599713325500488e-01 6.640200018882751465e-01
5.789600014686584473e-01 6.668099761009216309e-01
5.812799930572509766e-01 6.690599918365478516e-01
5.793700218200683594e-01 6.663100123405456543e-01
5.781499743461608887e-01 6.616200208663940430e-01
5.194799900054931641e-01 4.746499955654144287e-01
5.312100052833557129e-01 5.016800165176391602e-01
5.587199926376342773e-01 5.732700228691101074e-01
5.606600046157836914e-01 5.786499977111816406e-01
5.159699916839599609e-01 2.402600049972534180e-01
5.171300172805786133e-01 2.456700056791305542e-01
5.165500044822692871e-01 2.417999953031539917e-01
5.160499811172485352e-01 2.457700073719024658e-01
5.157700181007385254e-01 2.469000071287155151e-01
5.161299705505371094e-01 2.379299998283386230e-01
4.963299930095672607e-01 2.213400006294250488e-01
3.889900147914886475e-01 3.895399868488311768e-01
4.524599909782409668e-01 3.847300112247467041e-01
4.158299863338470459e-01 4.127199947834014893e-01
4.153400063514709473e-01 4.087699949741363525e-01
4.171499907970428467e-01 4.093500077724456787e-01
4.198600053787231445e-01 4.081400036811828613e-01
4.178699851036071777e-01 4.027999937534332275e-01
4.373100101947784424e-01 4.173099994659423828e-01
4.699099957942962646e-01 4.287300109863281250e-01
4.752199947834014893e-01 4.219299852848052979e-01
5.066199898719787598e-01 4.348100125789642334e-01
5.067200064659118652e-01 4.303300082683563232e-01
5.101000070571899414e-01 4.383899867534637451e-01
5.063599944114685059e-01 4.313699901103973389e-01
5.124099850654602051e-01 4.357599914073944092e-01
4.575400054454803467e-01 4.315299987792968750e-01
4.555400013923645020e-01 4.258199930191040039e-01
5.042499899864196777e-01 4.072099924087524414e-01
5.054500102996826172e-01 4.056900143623352051e-01
4.735400080680847168e-01 3.571900129318237305e-01
4.847500026226043701e-01 4.165000021457672119e-01
4.844900071620941162e-01 4.167700111865997314e-01
4.849100112915039062e-01 4.163300096988677979e-01
4.833100140094757080e-01 4.099699854850769043e-01
4.838300049304962158e-01 4.147700071334838867e-01
4.849500060081481934e-01 4.170300066471099854e-01
4.846999943256378174e-01 4.168199896812438965e-01
4.844999909400939941e-01 4.156399965286254883e-01
4.705399870872497559e-01 4.197100102901458740e-01
4.687800109386444092e-01 4.251399934291839600e-01
5.487999916076660156e-01 3.809500038623809814e-01
5.484200119972229004e-01 3.774000108242034912e-01
5.470499992370605469e-01 3.769499957561492920e-01
4.579800069332122803e-01 4.426400065422058105e-01
4.679000079631805420e-01 4.222500026226043701e-01
4.775600135326385498e-01 4.209200143814086914e-01
4.772300124168395996e-01 4.214200079441070557e-01
5.114600062370300293e-01 3.394399881362915039e-01
5.151399970054626465e-01 3.574700057506561279e-01
5.121799707412719727e-01 4.932299852371215820e-01
4.943599998950958252e-01 5.188699960708618164e-01
5.003499984741210938e-01 5.114499926567077637e-01
5.001599788665771484e-01 5.102300047874450684e-01
5.010200142860412598e-01 5.118700265884399414e-01
5.030099749565124512e-01 5.099999904632568359e-01
5.090199708938598633e-01 5.094599723815917969e-01
5.379800200462341309e-01 4.293000102043151855e-01
5.290600061416625977e-01 4.314700067043304443e-01
5.188300013542175293e-01 4.553500115871429443e-01
5.192099809646606445e-01 4.570600092411041260e-01
5.184000134468078613e-01 4.601899981498718262e-01
5.161200165748596191e-01 4.651300013065338135e-01
5.119299888610839844e-01 4.704500138759613037e-01
5.558099746704101562e-01 3.933500051498413086e-01
5.294499993324279785e-01 4.131000041961669922e-01
5.064200162887573242e-01 4.284799993038177490e-01
5.073699951171875000e-01 4.154300093650817871e-01
4.376800060272216797e-01 3.649500012397766113e-01
4.546900093555450439e-01 3.718700110912322998e-01
3.785499930381774902e-02 7.251300215721130371e-01
8.281700313091278076e-02 8.920699954032897949e-01
3.010299988090991974e-02 8.427399992942810059e-01
4.580599814653396606e-02 8.574100136756896973e-01
4.155699908733367920e-02 8.569300174713134766e-01
3.995599970221519470e-02 8.656600117683410645e-01
1.067899987101554871e-01 7.861999869346618652e-01
1.321599930524826050e-01 7.553700208663940430e-01
1.317799985408782959e-01 7.562100291252136230e-01
1.318300068378448486e-01 7.526000142097473145e-01
1.323399990797042847e-01 7.487499713897705078e-01
8.419799804687500000e-02 6.726800203323364258e-01
4.911199957132339478e-02 6.109899878501892090e-01
6.604100018739700317e-02 6.170700192451477051e-01
5.833699926733970642e-02 6.133400201797485352e-01
6.890100240707397461e-02 6.221299767494201660e-01
1.469199955463409424e-01 7.205100059509277344e-01
1.646299958229064941e-01 7.458699941635131836e-01
1.558900028467178345e-01 7.388399839401245117e-01
1.580000072717666626e-01 7.499300241470336914e-01
1.552799940109252930e-01 7.459899783134460449e-01
3.127900138497352600e-02 7.070599794387817383e-01
5.816900134086608887e-01 7.038000226020812988e-01
5.821800231933593750e-01 7.006899714469909668e-01
5.826699733734130859e-01 6.830800175666809082e-01
5.763000249862670898e-01 6.737999916076660156e-01
5.639600157737731934e-01 6.811100244522094727e-01
5.579599738121032715e-01 6.849300265312194824e-01
5.625100135803222656e-01 6.800600290298461914e-01
5.664299726486206055e-01 6.552900075912475586e-01
5.544199943542480469e-01 6.398100256919860840e-01
5.540199875831604004e-01 6.235799789428710938e-01
5.469400286674499512e-01 6.496199965476989746e-01
5.675600171089172363e-01 6.752799749374389648e-01
6.160399913787841797e-01 7.116199731826782227e-01
6.149100065231323242e-01 7.229300141334533691e-01
6.139000058174133301e-01 7.304499745368957520e-01
6.132500171661376953e-01 7.272999882698059082e-01
6.127499938011169434e-01 7.233800292015075684e-01
6.122199892997741699e-01 7.235500216484069824e-01
6.117200255393981934e-01 7.259299755096435547e-01
6.115800142288208008e-01 7.197499871253967285e-01
6.090599894523620605e-01 7.035199999809265137e-01
6.007500290870666504e-01 6.860899925231933594e-01
5.864400267601013184e-01 7.561200261116027832e-01
5.882599949836730957e-01 7.609199881553649902e-01
5.746499896049499512e-01 7.597900032997131348e-01
5.842300057411193848e-01 7.625700235366821289e-01
6.360499858856201172e-01 7.588700056076049805e-01
6.437600255012512207e-01 7.619400024414062500e-01
7.952499985694885254e-01 1.251199960708618164e+00
6.509799957275390625e-01 7.865300178527832031e-01
7.516400218009948730e-01 1.159600019454956055e+00
6.507700085639953613e-01 7.846099734306335449e-01
4.709599912166595459e-01 7.687799930572509766e-01
4.831799864768981934e-01 7.628499865531921387e-01
5.896499752998352051e-01 8.093900084495544434e-01
5.941200256347656250e-01 8.307099938392639160e-01
5.822499990463256836e-01 8.227999806404113770e-01
5.875399708747863770e-01 8.067200183868408203e-01
7.559800148010253906e-01 9.003499746322631836e-01
6.963400244712829590e-01 7.111999988555908203e-01
6.984300017356872559e-01 7.735499739646911621e-01
6.969400048255920410e-01 6.999599933624267578e-01
7.001399993896484375e-01 7.633799910545349121e-01
3.687900006771087646e-01 6.577900052070617676e-01
6.611400246620178223e-01 1.161800026893615723e-01
8.129199743270874023e-01 1.161800026893615723e-01
6.549999713897705078e-01 1.039299964904785156e-01
8.334900140762329102e-01 1.039299964904785156e-01
4.347200095653533936e-01 3.693300113081932068e-02
7.643300294876098633e-01 1.278200000524520874e-01
8.660699725151062012e-01 1.278200000524520874e-01
7.652099728584289551e-01 1.306100040674209595e-01
7.651900053024291992e-01 1.304100006818771362e-01
6.751700043678283691e-01 2.516800072044134140e-03
5.077400207519531250e-01 1.057899966835975647e-01
6.644600033760070801e-01 9.869200177490711212e-03
6.599900126457214355e-01 1.897200010716915131e-02
6.627799868583679199e-01 1.909900084137916565e-02
4.282400012016296387e-01 2.083500027656555176e-01
5.439800024032592773e-01 2.037000060081481934e-01
4.659599959850311279e-01 1.893900036811828613e-01
3.907999992370605469e-01 1.993999928236007690e-01
3.675299882888793945e-01 2.135400027036666870e-01
4.668599963188171387e-01 5.581299960613250732e-02
4.679299890995025635e-01 5.892299860715866089e-02
4.659999907016754150e-01 5.480999872088432312e-02
4.432300031185150146e-01 6.751400232315063477e-01
4.430199861526489258e-01 6.764299869537353516e-01
4.428200125694274902e-01 6.772300004959106445e-01
4.437400102615356445e-01 6.801999807357788086e-01
4.842999875545501709e-01 6.857900023460388184e-01
4.836100041866302490e-01 6.851400136947631836e-01
4.825699925422668457e-01 6.865299940109252930e-01
5.287100076675415039e-01 6.408100128173828125e-01
4.246099889278411865e-01 6.991199851036071777e-01
4.242199957370758057e-01 6.949300169944763184e-01
4.645600020885467529e-01 6.727700233459472656e-01
4.636200070381164551e-01 6.830099821090698242e-01
4.362199902534484863e-01 6.930199861526489258e-01
4.353100061416625977e-01 6.918699741363525391e-01
4.348300099372863770e-01 6.908199787139892578e-01
4.343799948692321777e-01 6.905699968338012695e-01
4.377500116825103760e-01 6.868100166320800781e-01
4.468500018119812012e-01 6.866400241851806641e-01
4.484699964523315430e-01 6.767899990081787109e-01
4.609000086784362793e-01 6.765699982643127441e-01
4.591600000858306885e-01 6.766399741172790527e-01
4.570200145244598389e-01 6.781399846076965332e-01
5.202599763870239258e-01 2.886199951171875000e-01
5.197200179100036621e-01 2.867600023746490479e-01
5.195599794387817383e-01 2.837100028991699219e-01
5.402100086212158203e-01 2.697600126266479492e-01
5.426499843597412109e-01 2.727099955081939697e-01
5.389199852943420410e-01 2.741299867630004883e-01
5.356900095939636230e-01 2.721500098705291748e-01
5.411099791526794434e-01 2.652899920940399170e-01
5.481299757957458496e-01 2.098100036382675171e-01
4.934700131416320801e-01 3.230099976062774658e-01
5.182800292968750000e-01 3.048200011253356934e-01
5.194699764251708984e-01 3.029800057411193848e-01
5.205199718475341797e-01 3.017899990081787109e-01
5.627099871635437012e-01 2.640999853610992432e-01
5.638399720191955566e-01 2.625400125980377197e-01
5.651199817657470703e-01 2.624999880790710449e-01
5.758900046348571777e-01 2.493499964475631714e-01
5.766999721527099609e-01 2.477999925613403320e-01
4.552600085735321045e-01 3.258000016212463379e-01
4.459699988365173340e-01 3.369199931621551514e-01
4.453699886798858643e-01 3.365800082683563232e-01
4.472999870777130127e-01 3.400900065898895264e-01
5.163499712944030762e-01 7.096199989318847656e-01
5.157600045204162598e-01 7.159100174903869629e-01
5.138999819755554199e-01 6.807299852371215820e-01
5.126600265502929688e-01 6.770300269126892090e-01
5.117899775505065918e-01 6.710600256919860840e-01
5.164999961853027344e-01 6.822599768638610840e-01
5.329999923706054688e-01 6.829299926757812500e-01
5.285999774932861328e-01 4.783200025558471680e-01
5.254200100898742676e-01 4.772500097751617432e-01
5.224599838256835938e-01 4.771400094032287598e-01
5.210499763488769531e-01 4.777399897575378418e-01
5.246899724006652832e-01 4.848499894142150879e-01
5.583400130271911621e-01 7.350800037384033203e-01
5.739499926567077637e-01 7.193400263786315918e-01
5.386999845504760742e-01 5.050899982452392578e-01
5.841199755668640137e-01 5.313400030136108398e-01
4.670000076293945312e-01 5.280399918556213379e-01
5.439599752426147461e-01 5.493900179862976074e-01
4.612999856472015381e-01 5.054500102996826172e-01
4.531700015068054199e-01 5.074700117111206055e-01
5.320100188255310059e-01 4.703499972820281982e-01
5.396199822425842285e-01 4.512799978256225586e-01
4.621900022029876709e-01 3.230200111865997314e-01
4.630300104618072510e-01 3.239000141620635986e-01
4.961499869823455811e-01 4.050399959087371826e-01
4.632999897003173828e-01 3.709200024604797363e-01
4.664799869060516357e-01 4.121100008487701416e-01
4.672600030899047852e-01 4.109700024127960205e-01
4.675799906253814697e-01 4.112200140953063965e-01
4.675399959087371826e-01 4.090299904346466064e-01
5.389699935913085938e-01 4.200699925422668457e-01
5.407400131225585938e-01 4.242999851703643799e-01
5.400199890136718750e-01 4.250200092792510986e-01
5.438899993896484375e-01 4.315199851989746094e-01
5.914099812507629395e-01 3.940500020980834961e-01
5.925400257110595703e-01 3.922899961471557617e-01
5.906800031661987305e-01 3.939700126647949219e-01
5.904600024223327637e-01 3.987799882888793945e-01
5.880600214004516602e-01 3.969599902629852295e-01
4.475699961185455322e-01 4.340400099754333496e-01
4.458400011062622070e-01 4.500899910926818848e-01
5.117400288581848145e-01 4.220199882984161377e-01
5.164600014686584473e-01 4.285399913787841797e-01
5.453100204467773438e-01 4.305700063705444336e-01
4.594399929046630859e-01 3.270399868488311768e-01
4.573900103569030762e-01 3.259199857711791992e-01
5.044400095939636230e-01 3.354600071907043457e-01
5.052499771118164062e-01 3.333199918270111084e-01
5.047299861907958984e-01 3.319000005722045898e-01
5.039200186729431152e-01 3.333199918270111084e-01
5.028300285339355469e-01 3.381699919700622559e-01
5.014899969100952148e-01 3.430800139904022217e-01
5.045099854469299316e-01 3.396199941635131836e-01
5.239400267601013184e-01 3.578200042247772217e-01
5.246300101280212402e-01 3.573400080204010010e-01
5.222200155258178711e-01 3.565799891948699951e-01
5.208899974822998047e-01 3.544600009918212891e-01
5.683900117874145508e-01 3.663699924945831299e-01
5.676500201225280762e-01 3.631899952888488770e-01
5.712699890136718750e-01 3.702900111675262451e-01
5.713800191879272461e-01 3.722000122070312500e-01
5.687400102615356445e-01 3.695000112056732178e-01
5.735200047492980957e-01 3.765099942684173584e-01
5.877000093460083008e-01 3.921599984169006348e-01
5.947800278663635254e-01 3.871600031852722168e-01
4.171800017356872559e-01 3.145399987697601318e-01
2.816700041294097900e-01 8.555499911308288574e-01
2.809300124645233154e-01 8.572700023651123047e-01
2.814700007438659668e-01 8.558099865913391113e-01
2.800100147724151611e-01 8.590999841690063477e-01
2.790099978446960449e-01 8.593299984931945801e-01
2.791300117969512939e-01 8.584799766540527344e-01
2.782399952411651611e-01 8.572400212287902832e-01
4.141600131988525391e-01 9.117799997329711914e-01
4.193100035190582275e-01 9.163100123405456543e-01
2.781299948692321777e-01 8.520600199699401855e-01
4.295000135898590088e-01 9.217500090599060059e-01
4.284000098705291748e-01 9.172099828720092773e-01
4.164400100708007812e-01 9.061599969863891602e-01
4.144000113010406494e-01 9.010099768638610840e-01
4.133499860763549805e-01 8.986999988555908203e-01
4.221999943256378174e-01 9.016000032424926758e-01
4.199599921703338623e-01 8.985300064086914062e-01
4.159699976444244385e-01 9.022899866104125977e-01
4.230999946594238281e-01 8.938199877738952637e-01
4.178600013256072998e-01 8.911899924278259277e-01
3.036200106143951416e-01 8.602700233459472656e-01
3.058100044727325439e-01 8.656799793243408203e-01
5.272499918937683105e-01 4.184899926185607910e-01
5.326399803161621094e-01 4.138300120830535889e-01
5.379899740219116211e-01 4.100500047206878662e-01
5.395900011062622070e-01 4.162000119686126709e-01
5.663800239562988281e-01 4.002999961376190186e-01
3.727500140666961670e-01 4.187900125980377197e-01
3.716000020503997803e-01 4.207400083541870117e-01
3.971599936485290527e-01 4.187099933624267578e-01
4.663400053977966309e-01 4.082300066947937012e-01
4.658100008964538574e-01 4.091399908065795898e-01
4.668200016021728516e-01 4.090000092983245850e-01
4.671500027179718018e-01 4.096600115299224854e-01
5.112100243568420410e-01 4.014700055122375488e-01
5.124800205230712891e-01 4.052500128746032715e-01
5.108799934387207031e-01 4.063999950885772705e-01
5.111200213432312012e-01 4.097900092601776123e-01
5.114899873733520508e-01 4.085600078105926514e-01
5.074099898338317871e-01 4.060899913311004639e-01
4.991999864578247070e-01 4.129599928855895996e-01
4.971199929714202881e-01 4.126699864864349365e-01
4.970499873161315918e-01 4.124200046062469482e-01
4.972200095653533936e-01 4.115499854087829590e-01
4.815399944782257080e-01 4.651199877262115479e-01
4.761300086975097656e-01 4.666599929332733154e-01
4.781500101089477539e-01 4.698800146579742432e-01
3.734000027179718018e-01 3.522700071334838867e-01
3.730799853801727295e-01 3.479200005531311035e-01
5.826500058174133301e-01 1.611499935388565063e-01
4.036799967288970947e-01 1.543799936771392822e-01
4.900299906730651855e-01 2.699100077152252197e-01
4.848600029945373535e-01 2.645300030708312988e-01
4.777800142765045166e-01 2.592999935150146484e-01
4.759500026702880859e-01 2.576799988746643066e-01
4.226500093936920166e-01 2.524600028991699219e-01
4.791600108146667480e-01 4.234200119972229004e-01
4.770700037479400635e-01 4.243600070476531982e-01
4.576799869537353516e-01 4.194700121879577637e-01
4.539200067520141602e-01 4.173400104045867920e-01
4.482299983501434326e-01 4.132199883460998535e-01
4.413799941539764404e-01 4.091500043869018555e-01
4.363600015640258789e-01 4.082799851894378662e-01
4.353899955749511719e-01 4.143800139427185059e-01
4.327799975872039795e-01 4.092699885368347168e-01
4.305700063705444336e-01 4.074999988079071045e-01
4.632700085639953613e-01 5.844100117683410645e-01
4.610500037670135498e-01 5.782799720764160156e-01
4.609000086784362793e-01 5.760300159454345703e-01
4.594799876213073730e-01 5.741800069808959961e-01
4.582999944686889648e-01 5.710099935531616211e-01
4.547599852085113525e-01 5.396900177001953125e-01
4.835599958896636963e-01 6.018599867820739746e-01
4.795399904251098633e-01 5.904399752616882324e-01
4.788500070571899414e-01 5.825799703598022461e-01
4.785099923610687256e-01 5.803200006484985352e-01
4.731900095939636230e-01 5.703200101852416992e-01
4.674000144004821777e-01 5.590100288391113281e-01
4.674899876117706299e-01 5.585700273513793945e-01
4.671800136566162109e-01 5.620399713516235352e-01
5.101000070571899414e-01 5.989599823951721191e-01
5.104299783706665039e-01 5.905799865722656250e-01
5.111700296401977539e-01 5.891900062561035156e-01
5.120700001716613770e-01 5.881299972534179688e-01
5.124199986457824707e-01 5.866699814796447754e-01
5.133399963378906250e-01 5.850899815559387207e-01
5.141299962997436523e-01 5.864800214767456055e-01
5.147699713706970215e-01 5.881500244140625000e-01
4.564400017261505127e-01 5.736799836158752441e-01
4.891200065612792969e-01 5.545399785041809082e-01
5.286300182342529297e-01 5.235900282859802246e-01
4.482299983501434326e-01 6.004099845886230469e-01
4.734100103378295898e-01 5.931699872016906738e-01
4.119499921798706055e-01 5.297899842262268066e-01
5.206300020217895508e-01 6.761199831962585449e-01
4.351499974727630615e-01 7.512099742889404297e-01
4.302799999713897705e-01 7.705699801445007324e-01
4.464499950408935547e-01 6.006799936294555664e-01
4.456399977207183838e-01 6.051999926567077637e-01
4.453600049018859863e-01 6.077399849891662598e-01
4.455600082874298096e-01 6.141300201416015625e-01
4.948399960994720459e-01 8.284400105476379395e-01
4.941700100898742676e-01 8.283399939537048340e-01
4.937199950218200684e-01 8.288499712944030762e-01
4.929899871349334717e-01 8.313900232315063477e-01
4.909999966621398926e-01 8.317400217056274414e-01
5.077900290489196777e-01 7.212100028991699219e-01
4.574699997901916504e-01 7.228599786758422852e-01
4.557999968528747559e-01 7.229400277137756348e-01
4.571799933910369873e-01 7.249600291252136230e-01
4.668700098991394043e-01 2.522499859333038330e-01
4.647099971771240234e-01 2.569600045680999756e-01
4.649499952793121338e-01 2.599700093269348145e-01
5.189300179481506348e-01 3.766599893569946289e-01
4.692699909210205078e-01 4.021399915218353271e-01
4.699699878692626953e-01 4.059799909591674805e-01
4.966700077056884766e-01 3.582400083541870117e-01
5.282899737358093262e-01 3.637099862098693848e-01
5.271599888801574707e-01 3.628599941730499268e-01
4.643599987030029297e-01 3.806000053882598877e-01
4.642600119113922119e-01 3.801800012588500977e-01
4.712199866771697998e-01 3.793799877166748047e-01
4.078699946403503418e-01 4.166100025177001953e-01
4.038099944591522217e-01 4.172300100326538086e-01
4.072499871253967285e-01 4.100799858570098877e-01
4.268299937248229980e-01 3.962599933147430420e-01
4.210200011730194092e-01 3.981100022792816162e-01
4.187200069427490234e-01 3.998700082302093506e-01
4.307500123977661133e-01 3.946300148963928223e-01
4.307000041007995605e-01 3.911199867725372314e-01
4.239499866962432861e-01 3.978599905967712402e-01
4.134199917316436768e-01 4.000200033187866211e-01
5.407999753952026367e-01 6.218299865722656250e-01
4.596300125122070312e-01 6.715800166130065918e-01
4.611999988555908203e-01 7.439299821853637695e-01
5.016400218009948730e-01 6.672700047492980957e-01
5.470399856567382812e-01 5.940899848937988281e-01
5.544199943542480469e-01 6.034500002861022949e-01
5.533099770545959473e-01 6.079300045967102051e-01
5.598599910736083984e-01 5.926600098609924316e-01
5.397999882698059082e-01 6.300200223922729492e-01
4.928799867630004883e-01 7.174699902534484863e-01
4.278500080108642578e-01 6.090099811553955078e-01
4.428499937057495117e-01 6.078500151634216309e-01
5.037500262260437012e-01 6.226300001144409180e-01
5.155799984931945801e-01 6.341699957847595215e-01
5.050899982452392578e-01 6.383299827575683594e-01
5.085999965667724609e-01 6.404299736022949219e-01
4.468199908733367920e-01 7.950000166893005371e-01
4.419400095939636230e-01 8.159000277519226074e-01
4.492599964141845703e-01 8.048999905586242676e-01
4.442999958992004395e-01 8.099399805068969727e-01
5.778700113296508789e-01 5.446299910545349121e-01
5.070599913597106934e-01 6.219400167465209961e-01
4.860799908638000488e-01 6.508200168609619141e-01
4.856800138950347900e-01 6.516799926757812500e-01
4.697900116443634033e-01 6.584600210189819336e-01
4.917800128459930420e-01 6.626099944114685059e-01
5.392199754714965820e-01 6.317399740219116211e-01
5.403800010681152344e-01 6.350399851799011230e-01
4.704200029373168945e-01 6.582300066947937012e-01
4.705600142478942871e-01 6.573200225830078125e-01
3.943200111389160156e-01 6.749100089073181152e-01
3.926799893379211426e-01 6.712200045585632324e-01
3.930200040340423584e-01 6.709600090980529785e-01
3.937900066375732422e-01 6.703799962997436523e-01
4.044899940490722656e-01 6.608200073242187500e-01
4.724000096321105957e-01 6.655499935150146484e-01
4.722599983215332031e-01 6.547399759292602539e-01
4.712400138378143311e-01 6.547200083732604980e-01
4.924699962139129639e-01 6.442000269889831543e-01
4.950200021266937256e-01 6.464099884033203125e-01
4.944899976253509521e-01 6.486700177192687988e-01
4.941500127315521240e-01 6.474099755287170410e-01
4.861299991607666016e-01 6.503099799156188965e-01
4.865599870681762695e-01 6.510099768638610840e-01
3.036899864673614502e-01 9.476500153541564941e-01
1.835799962282180786e-01 9.383900165557861328e-01
1.826999932527542114e-01 9.284200072288513184e-01
1.929000020027160645e-01 9.211000204086303711e-01
2.062000036239624023e-01 9.177500009536743164e-01
2.102600038051605225e-01 9.176200032234191895e-01
1.942999958992004395e-01 9.198300242424011230e-01
1.623000055551528931e-01 9.225500226020812988e-01
8.111400157213211060e-02 9.120600223541259766e-01
7.216999679803848267e-02 9.010599851608276367e-01
6.688500195741653442e-02 8.886500000953674316e-01
6.236800178885459900e-02 8.764399886131286621e-01
7.317599654197692871e-02 8.885400295257568359e-01
8.746899664402008057e-02 9.034600257873535156e-01
9.860900044441223145e-02 9.191399812698364258e-01
3.238399922847747803e-01 1.035599946975708008e+00
5.009700059890747070e-01 1.017300009727478027e+00
4.983600080013275146e-01 1.015900015830993652e+00
4.902400076389312744e-01 1.015799999237060547e+00
4.834899902343750000e-01 1.017300009727478027e+00
4.891299903392791748e-01 1.020499944686889648e+00
5.665500164031982422e-01 1.031800031661987305e+00
6.175699830055236816e-01 3.957000076770782471e-01
6.036000251770019531e-01 3.469499945640563965e-01
3.508499860763549805e-01 4.250600039958953857e-01
3.954200148582458496e-01 4.592700004577636719e-01
3.995200097560882568e-01 4.576500058174133301e-01
4.008699953556060791e-01 4.589000046253204346e-01
4.043200016021728516e-01 4.586299955844879150e-01
4.034200012683868408e-01 4.581499993801116943e-01
4.259000122547149658e-01 4.609000086784362793e-01
4.504500031471252441e-01 4.459599852561950684e-01
4.532200098037719727e-01 4.480299949645996094e-01
4.491299986839294434e-01 4.472100138664245605e-01
4.497100114822387695e-01 4.505600035190582275e-01
4.176099896430969238e-01 4.100700020790100098e-01
3.953900039196014404e-01 4.103699922561645508e-01
3.928900063037872314e-01 4.129799902439117432e-01
3.945400118827819824e-01 4.124400019645690918e-01
3.945100009441375732e-01 4.145599901676177979e-01
3.942799866199493408e-01 4.140299856662750244e-01
3.933300077915191650e-01 4.140000045299530029e-01
3.972400128841400146e-01 4.174500107765197754e-01
4.162099957466125488e-01 4.101800024509429932e-01
4.545400142669677734e-01 3.602699935436248779e-01
4.552499949932098389e-01 3.593600094318389893e-01
4.386900067329406738e-01 3.536399900913238525e-01
4.379200041294097900e-01 3.524999916553497314e-01
4.404799938201904297e-01 3.747900128364562988e-01
4.406599998474121094e-01 3.742899894714355469e-01
4.390699863433837891e-01 3.684299886226654053e-01
4.580299854278564453e-01 3.364500105381011963e-01
4.732899963855743408e-01 3.526700139045715332e-01
4.754500091075897217e-01 3.553799986839294434e-01
4.641500115394592285e-01 5.079600214958190918e-01
4.608399868011474609e-01 4.268299937248229980e-01
4.713400006294250488e-01 4.503099918365478516e-01
4.729799926280975342e-01 4.542300105094909668e-01
4.710800051689147949e-01 4.473800063133239746e-01
4.735299944877624512e-01 4.536899924278259277e-01
4.758900105953216553e-01 4.530700147151947021e-01
4.774599969387054443e-01 4.496600031852722168e-01
4.769699871540069580e-01 4.468100070953369141e-01
4.765999913215637207e-01 4.397700130939483643e-01
4.758799970149993896e-01 4.358499944210052490e-01
4.562599956989288330e-01 4.508199989795684814e-01
4.615400135517120361e-01 4.251300096511840820e-01
4.624600112438201904e-01 4.234800040721893311e-01
4.639300107955932617e-01 4.217599928379058838e-01
5.554000139236450195e-01 3.288300037384033203e-01
5.542399883270263672e-01 3.312700092792510986e-01
5.532199740409851074e-01 3.343000113964080811e-01
5.522300004959106445e-01 3.301399946212768555e-01
5.532699823379516602e-01 3.257899880409240723e-01
5.278699994087219238e-01 3.404200077056884766e-01
5.278900265693664551e-01 3.380199968814849854e-01
5.690000057220458984e-01 3.221299946308135986e-01
5.801100134849548340e-01 3.458800017833709717e-01
5.312100052833557129e-01 3.410899937152862549e-01
5.323899984359741211e-01 3.397600054740905762e-01
3.828699886798858643e-01 3.539499938488006592e-01
3.839400112628936768e-01 3.504300117492675781e-01
3.861599862575531006e-01 3.472999930381774902e-01
3.989300131797790527e-01 2.777900099754333496e-01
4.054400026798248291e-01 2.768799960613250732e-01
4.099699854850769043e-01 2.732099890708923340e-01
4.130299985408782959e-01 2.699300050735473633e-01
5.641300082206726074e-01 3.197799921035766602e-01
7.221500277519226074e-01 6.182600259780883789e-01
7.285699844360351562e-01 7.057399749755859375e-01
7.086700201034545898e-01 6.207500100135803223e-01
7.048599720001220703e-01 6.219300031661987305e-01
5.367100238800048828e-01 6.643000245094299316e-01
4.559800028800964355e-01 6.707999706268310547e-01
4.532800018787384033e-01 6.747199892997741699e-01
4.518199861049652100e-01 6.714900135993957520e-01
4.200600087642669678e-01 6.808599829673767090e-01
6.555399894714355469e-01 6.641200184822082520e-01
4.431000053882598877e-01 7.251799702644348145e-01
4.422799944877624512e-01 7.239300012588500977e-01
6.826500296592712402e-01 6.638799905776977539e-01
7.052999734878540039e-01 7.848700284957885742e-01
6.574800014495849609e-01 6.371600031852722168e-01
6.939200162887573242e-01 7.471299767494201660e-01
4.242500066757202148e-01 6.622999906539916992e-01
4.237299859523773193e-01 6.641600131988525391e-01
4.224599897861480713e-01 6.670799851417541504e-01
4.223699867725372314e-01 6.640300154685974121e-01
7.406200170516967773e-01 6.286900043487548828e-01
7.256299853324890137e-01 6.185399889945983887e-01
4.640800058841705322e-01 9.550200104713439941e-01
4.573900103569030762e-01 9.891700148582458496e-01
4.575200080871582031e-01 9.905800223350524902e-01
4.578000009059906006e-01 9.915599822998046875e-01
4.581699967384338379e-01 9.917700290679931641e-01
4.140900075435638428e-01 9.720299839973449707e-01
4.142099916934967041e-01 9.710199832916259766e-01
4.134700000286102295e-01 9.693099856376647949e-01
4.111100137233734131e-01 9.675999879837036133e-01
4.091199934482574463e-01 9.665099978446960449e-01
4.108799993991851807e-01 9.666100144386291504e-01
4.196000099182128906e-01 9.684100151062011719e-01
4.339300096035003662e-01 9.716500043869018555e-01
4.468899965286254883e-01 9.747200012207031250e-01
4.463799893856048584e-01 9.709600210189819336e-01
4.457499980926513672e-01 9.683399796485900879e-01
4.450500011444091797e-01 9.678300023078918457e-01
4.467900097370147705e-01 9.761000275611877441e-01
4.476700127124786377e-01 9.771900177001953125e-01
4.481799900531768799e-01 9.776399731636047363e-01
4.482499957084655762e-01 9.773899912834167480e-01
4.634500145912170410e-01 9.692000150680541992e-01
5.500100255012512207e-01 2.552799880504608154e-01
5.482900142669677734e-01 2.567999958992004395e-01
5.414699912071228027e-01 2.469899952411651611e-01
5.484600067138671875e-01 2.565099895000457764e-01
5.579000115394592285e-01 2.572099864482879639e-01
5.568000078201293945e-01 2.521800100803375244e-01
5.553399920463562012e-01 2.509700059890747070e-01
5.567700266838073730e-01 2.550500035285949707e-01
5.584700107574462891e-01 2.571099996566772461e-01
5.569800138473510742e-01 2.503400146961212158e-01
5.574399828910827637e-01 2.506299912929534912e-01
5.569400191307067871e-01 2.514199912548065186e-01
5.571100115776062012e-01 2.456000000238418579e-01
5.556899905204772949e-01 2.495000064373016357e-01
6.008899807929992676e-01 2.795700132846832275e-01
6.041600108146667480e-01 2.782300114631652832e-01
6.058899760246276855e-01 2.815400063991546631e-01
6.074799895286560059e-01 2.834399938583374023e-01
6.067500114440917969e-01 2.885400056838989258e-01
6.713299751281738281e-01 2.194799929857254028e-01
6.736699938774108887e-01 2.180899977684020996e-01
3.929699957370758057e-01 1.841699928045272827e-01
4.722299873828887939e-01 4.720999896526336670e-01
4.441800117492675781e-01 4.169499874114990234e-01
4.201599955558776855e-01 5.508499741554260254e-01
4.215599894523620605e-01 5.494199991226196289e-01
4.238600134849548340e-01 5.485799908638000488e-01
4.268800020217895508e-01 5.454499721527099609e-01
4.289300143718719482e-01 5.471100211143493652e-01
3.999600112438201904e-01 3.665600121021270752e-01
4.288200139999389648e-01 4.193300008773803711e-01
4.091399908065795898e-01 4.211899936199188232e-01
4.038499891757965088e-01 4.533100128173828125e-01
4.679200053215026855e-01 4.158299863338470459e-01
4.231599867343902588e-01 5.177099704742431641e-01
4.275900125503540039e-01 5.145699977874755859e-01
4.357599914073944092e-01 5.170000195503234863e-01
4.431700110435485840e-01 5.139999985694885254e-01
4.107699990272521973e-01 4.285599887371063232e-01
4.176900088787078857e-01 4.172199964523315430e-01
4.244500100612640381e-01 4.240199923515319824e-01
4.454100131988525391e-01 4.579699933528900146e-01
4.452100098133087158e-01 4.625599980354309082e-01
4.368300139904022217e-01 4.860199987888336182e-01
